1.000000000 0.000000000 0.000000000 0.000000000 0.000000000 1.000000000 0.000000000 -0.000000000 0.000000000 0.000000000 1.000000000 0.000000000
0.999990552 -0.002565865 -0.003508834 0.000305790 0.002557901 0.999994147 -0.002272163 -0.004432697 0.003514644 0.002263166 0.999991263 0.673839605
0.999970840 -0.001244064 -0.007534743 -0.012610804 0.001215076 0.999991848 -0.003850584 -0.008450609 0.007539472 0.003841316 0.999964200 1.370719818
0.999934655 -0.001475933 -0.011336138 -0.030713493 0.001413323 0.999983716 -0.005529046 -0.008081575 0.011344114 0.005512663 0.999920458 2.085239501
0.999861592 -0.000396549 -0.016632485 -0.042649594 0.000295460 0.999981474 -0.006079814 -0.015928840 0.016634588 0.006074058 0.999843186 2.811278328
0.999764938 -0.001523221 -0.021627495 -0.054617614 0.001388931 0.999979673 -0.006222885 -0.026066132 0.021636534 0.006191383 0.999746732 3.552677427
0.999651686 0.000115057 -0.026391161 -0.078883163 -0.000302344 0.999974801 -0.007092685 -0.042024161 0.026389679 0.007098194 0.999626530 4.322467956
0.999512517 0.002902372 -0.031085452 -0.113514492 -0.003160169 0.999960997 -0.008247274 -0.044101969 0.031060303 0.008341489 0.999482705 5.097313323
0.999445395 0.003328477 -0.033133423 -0.184686261 -0.003533681 0.999974927 -0.006136637 -0.032494946 0.033112167 0.006250316 0.999432098 5.853847550
0.999285441 0.002593201 -0.037707859 -0.217115816 -0.002720566 0.999990765 -0.003326777 -0.044353830 0.037698884 0.003426987 0.999283268 6.655072595
0.999140374 0.002242109 -0.041394273 -0.253543346 -0.002276440 0.999997103 -0.000782242 -0.052721143 0.041392399 0.000875801 0.999142584 7.461523081
0.999032319 0.003901175 -0.043808754 -0.300989568 -0.003965673 0.999991177 -0.001385451 -0.063271264 0.043802963 0.001557842 0.999038975 8.275000003
0.998957188 0.003053195 -0.045554515 -0.346311428 -0.003106711 0.999994565 -0.001104022 -0.068476202 0.045550896 0.001244396 0.998961244 9.087343407
0.998898761 0.000219124 -0.046917138 -0.392989844 -0.000293361 0.999998716 -0.001575412 -0.075999333 0.046916733 0.001587441 0.998897542 9.916757710
0.998833682 0.000261514 -0.048282574 -0.446130599 -0.000310066 0.999999454 -0.000998097 -0.080420682 0.048282287 0.001011904 0.998833218 10.754591040
0.998797464 -0.000940723 -0.049017764 -0.500310354 0.000868974 0.999998520 -0.001485021 -0.087449739 0.049019088 0.001440640 0.998796803 11.600492725
0.998706289 0.000795327 -0.050844032 -0.545733695 -0.000983648 0.999992749 -0.003678982 -0.089443490 0.050840737 0.003724235 0.998699830 12.445882777
0.998649624 0.001205808 -0.051937209 -0.598672745 -0.001515825 0.999981268 -0.005930092 -0.102927849 0.051929085 0.006000812 0.998632745 13.304255293
0.998556187 0.005741031 -0.053409562 -0.658396168 -0.006208488 0.999943827 -0.008590517 -0.104492400 0.053357243 0.008909706 0.998535739 14.173080957
0.998506182 0.006203666 -0.054285536 -0.712939194 -0.006628503 0.999948773 -0.007649429 -0.119903189 0.054235301 0.007997834 0.998496153 15.055914524
0.998465828 0.005535108 -0.055094032 -0.771730378 -0.005902829 0.999961362 -0.006513929 -0.130794189 0.055055848 0.006829146 0.998459922 15.943833746
0.998374998 0.006360034 -0.056629616 -0.826219292 -0.006656543 0.999965099 -0.005048849 -0.144750046 0.056595529 0.005417602 0.998382490 16.847025030
0.998309607 0.006013640 -0.057807996 -0.873421846 -0.006290584 0.999969588 -0.004609964 -0.159897468 0.057778515 0.004965818 0.998317076 17.755956824
0.998189891 0.005701736 -0.059870122 -0.928268600 -0.006041169 0.999966681 -0.005490008 -0.172629123 0.059836825 0.005841756 0.998191078 18.672616772
0.998171455 0.004770372 -0.060257705 -0.992550809 -0.005147692 0.999968096 -0.006108086 -0.183840417 0.060226644 0.006407106 0.998164165 19.582053130
0.998104347 0.005313999 -0.061314552 -1.043325785 -0.005601014 0.999974143 -0.004510104 -0.197449007 0.061289000 0.004844978 0.998108303 20.502659216
0.998076025 0.006174816 -0.061693759 -1.093944498 -0.006208439 0.999980665 -0.000353315 -0.216094174 0.061690385 0.000735657 0.998095063 21.430709771
0.998115049 0.007263214 -0.060939263 -1.153242894 -0.007065604 0.999969061 0.003457602 -0.228719144 0.060962491 -0.003020512 0.998135487 22.366157271
0.998200782 0.007009642 -0.059548834 -1.209022590 -0.006655378 0.999958969 0.006145401 -0.238474477 0.059589468 -0.005738024 0.998206477 23.316760399
0.998251004 0.006374780 -0.058773247 -1.246049728 -0.005938586 0.999953536 0.007593329 -0.242851374 0.058818922 -0.007231018 0.998242479 24.255061829
0.998298328 0.006378994 -0.057963415 -1.297115910 -0.006133763 0.999971474 0.004407711 -0.241825167 0.057989879 -0.004044676 0.998308978 25.213957862
0.998346150 0.006991383 -0.057062120 -1.350545073 -0.007001143 0.999975491 0.000028872 -0.247228271 0.057060923 0.000370676 0.998370629 26.154532074
0.998427603 0.005887376 -0.055746393 -1.405080097 -0.006044186 0.999978236 -0.002644721 -0.258002465 0.055729609 0.002977504 0.998441458 27.099298899
0.998461385 0.003132857 -0.055362872 -1.453680137 -0.003205367 0.999994117 -0.001220985 -0.268942221 0.055358721 0.001396565 0.998465554 28.073516075
0.998479043 0.001528615 -0.055111381 -1.515028657 -0.001361161 0.999994343 0.003075866 -0.271864170 0.055115771 -0.002996172 0.998475475 29.045576198
0.998409953 -0.002273898 -0.056324019 -1.558724817 0.002668932 0.999972361 0.006939372 -0.283993351 0.056306683 -0.007078663 0.998388426 30.026595972
0.998304883 -0.009279893 -0.057456455 -1.603675182 0.009645650 0.999934924 0.006091746 -0.288588369 0.057396185 -0.006635625 0.998329428 30.999744370
0.998196139 -0.011539048 -0.058917889 -1.656087068 0.011683358 0.999929531 0.002105443 -0.289210198 0.058889443 -0.002790003 0.998260612 31.973352569
0.998124295 -0.010803915 -0.060259164 -1.720993860 0.010694380 0.999940524 -0.002139957 -0.294460016 0.060278700 0.001491508 0.998180472 32.959590743
0.997987002 -0.009927992 -0.062636885 -1.781766049 0.009774772 0.999948438 -0.002752123 -0.305990282 0.062660978 0.002134322 0.998032588 33.954269327
0.997988218 -0.010241413 -0.062567009 -1.860196971 0.010185016 0.999947387 -0.001220271 -0.313340060 0.062576214 0.000580570 0.998040019 34.949738573
0.997920029 -0.007136749 -0.064067800 -1.927388693 0.007236344 0.999972943 0.001322610 -0.318455943 0.064056627 -0.001783476 0.997944672 35.955931628
0.997878063 -0.008020155 -0.064614615 -2.007172146 0.008252959 0.999960376 0.003336844 -0.330558103 0.064585293 -0.003863025 0.997904713 36.951904439
0.997835735 -0.006496204 -0.065434280 -2.080878229 0.006887501 0.999959713 0.005756199 -0.336609836 0.065394250 -0.006194420 0.997840278 37.952834317
0.997895131 -0.007377962 -0.064427276 -2.165480526 0.007966535 0.999928808 0.008883336 -0.335563201 0.064357149 -0.009377900 0.997882865 38.959565819
0.997888390 -0.001679140 -0.064930279 -2.242120718 0.002408990 0.999934780 0.011163867 -0.336754179 0.064907298 -0.011296709 0.997827353 39.964821148
0.997906967 -0.001597513 -0.064646213 -2.317384548 0.002300202 0.999939067 0.010796799 -0.341593691 0.064625026 -0.010922900 0.997849837 40.957565202
0.997889538 -0.001558930 -0.064915642 -2.377896689 0.002170927 0.999953855 0.009358116 -0.346042026 0.064898058 -0.009479293 0.997846875 41.954155718
0.997859902 -0.000221712 -0.065387813 -2.442198952 0.000762112 0.999965763 0.008239706 -0.358068945 0.065383747 -0.008271905 0.997825907 42.956381150
0.997804759 -0.000853641 -0.066218836 -2.519263672 0.001430427 0.999961449 0.008663375 -0.369284467 0.066208887 -0.008739078 0.997767514 43.963364965
0.997695517 -0.003070833 -0.067780711 -2.580439163 0.003738008 0.999945788 0.009718496 -0.363596547 0.067747192 -0.009949465 0.997652909 44.959424338
0.997674084 -0.002539091 -0.068117362 -2.661832406 0.003272866 0.999937795 0.010662784 -0.368313571 0.068086051 -0.010860922 0.997620334 45.946643128
0.997662716 -0.000662369 -0.068327637 -2.735133189 0.001134869 0.999975712 0.006876636 -0.366056412 0.068321423 -0.006938106 0.997639236 46.916458030
0.997583259 -0.000016656 -0.069481224 -2.804209624 0.000198717 0.999996565 0.002613378 -0.371112732 0.069480942 -0.002620869 0.997579836 47.884959539
0.997561095 0.000538765 -0.069796644 -2.876567075 -0.000438229 0.999998844 0.001455725 -0.376458621 0.069797348 -0.001421588 0.997560178 48.844988224
0.997548099 -0.000906073 -0.069978350 -2.943034044 0.001282640 0.999984938 0.005336457 -0.390285906 0.069972461 -0.005413129 0.997534236 49.812457739
0.997535628 -0.002792228 -0.070106160 -3.006824188 0.003412534 0.999956071 0.008729893 -0.402162673 0.070078704 -0.008947619 0.997501336 50.775348467
0.997579685 -0.004704471 -0.069373198 -3.089319614 0.005368678 0.999941491 0.009391062 -0.407262417 0.069324960 -0.009740775 0.997546574 51.727006791
0.997531119 -0.007962895 -0.069772915 -3.153107215 0.008536201 0.999932182 0.007922437 -0.411932588 0.069705097 -0.008498473 0.997531441 52.686582003
0.997464356 -0.010548608 -0.070381708 -3.213416324 0.011072116 0.999913834 0.007052145 -0.421912462 0.070301253 -0.007813538 0.997495204 53.633690269
0.997373615 -0.011745754 -0.071469644 -3.283832348 0.012349534 0.999891642 0.008012053 -0.426059487 0.071367792 -0.008873627 0.997410596 54.589626581
0.997291114 -0.015010803 -0.072007702 -3.358282010 0.015942148 0.999796312 0.012376699 -0.428430038 0.071807251 -0.013491130 0.997327282 55.535444211
0.997275318 -0.015568050 -0.072108082 -3.441737640 0.016839464 0.999712691 0.017057796 -0.426695329 0.071821808 -0.018225580 0.997250949 56.496303982
0.997245256 -0.014248589 -0.072793393 -3.503888472 0.015763679 0.999670027 0.020281602 -0.435262644 0.072480389 -0.021373224 0.997140802 57.420342129
0.997194831 -0.012662290 -0.073770836 -3.582759388 0.013869789 0.999777719 0.015878989 -0.432134473 0.073553374 -0.016857631 0.997148796 58.344090740
0.997047804 -0.012206602 -0.075806823 -3.648958601 0.012956470 0.999871802 0.009407898 -0.437634162 0.075682267 -0.010362313 0.997078140 59.268823632
0.997023802 -0.010002623 -0.076442694 -3.727623432 0.010334444 0.999938811 0.003946432 -0.436693943 0.076398541 -0.004724679 0.997066166 60.171514035
0.996938433 -0.006745372 -0.077899046 -3.802743295 0.007202717 0.999958427 0.005591522 -0.439463588 0.077858091 -0.006135488 0.996945572 61.078161864
0.996904308 -0.004448010 -0.078498506 -3.882243340 0.005072822 0.999957009 0.007761925 -0.444180526 0.078460606 -0.008136106 0.996884014 61.959329981
0.996889586 -0.002041216 -0.078784430 -3.964398621 0.002765177 0.999954942 0.009081132 -0.449156812 0.078762343 -0.009270739 0.996850313 62.821860238
0.996779984 -0.002408452 -0.080149002 -4.031819344 0.003095182 0.999959550 0.008445037 -0.444641503 0.080125420 -0.008665920 0.996747119 63.672020038
0.996650801 -0.001140211 -0.081767239 -4.111975082 0.001931526 0.999952061 0.009599202 -0.448430110 0.081752374 -0.009724988 0.996605225 64.539307170
0.996523280 -0.000314635 -0.083314180 -4.189966704 0.001224903 0.999940117 0.010874837 -0.461416322 0.083305770 -0.010939080 0.996463991 65.377960670
0.996405246 -0.000507949 -0.084713203 -4.260169293 0.001401892 0.999943960 0.010493425 -0.455242422 0.084703126 -0.010574463 0.996350120 66.192150877
0.996280650 -0.001171807 -0.086159692 -4.332656462 0.002187673 0.999929194 0.011697023 -0.455858427 0.086139884 -0.011842007 0.996212672 67.001771268
0.996122813 0.001477585 -0.087961112 -4.401249979 -0.000207126 0.999895560 0.014450789 -0.459897650 0.087973278 -0.014376542 0.996019085 67.788250089
0.996031889 0.002512616 -0.088961578 -4.479101505 -0.000849721 0.999824307 0.018725216 -0.459933179 0.088992997 -0.018575320 0.995859028 68.570108277
0.995846433 0.005350468 -0.090891442 -4.553330914 -0.003470214 0.999776962 0.020832263 -0.463290821 0.090982632 -0.020430322 0.995642889 69.334198130
0.995679891 0.008225373 -0.092487288 -4.629744264 -0.006673789 0.999831973 0.017072981 -0.472658624 0.092612179 -0.016381983 0.995567484 70.079086324
0.995502807 0.007609441 -0.094425935 -4.695342285 -0.006701074 0.999928211 0.009933250 -0.475044943 0.094494743 -0.009255823 0.995482332 70.809855830
0.995355550 0.006840084 -0.096023656 -4.764422301 -0.006458194 0.999969955 0.004287263 -0.480291272 0.096050096 -0.003647212 0.995369819 71.514269176
0.995268038 0.007751569 -0.096857866 -4.834347779 -0.007489471 0.999967243 0.003069276 -0.481597559 0.096878485 -0.002329338 0.995293491 72.204585516
0.995190216 0.010453531 -0.097402039 -4.913239715 -0.009859218 0.999929741 0.006580961 -0.487961105 0.097463990 -0.005589000 0.995223359 72.872903943
0.995061024 0.010475944 -0.098710756 -4.980956581 -0.009618425 0.999911795 0.009159084 -0.502528575 0.098797999 -0.008164405 0.995074016 73.520397217
0.994819576 0.007215687 -0.101399930 -5.049533385 -0.006643852 0.999960073 0.005975986 -0.511905768 0.101439002 -0.005271342 0.994827795 74.177315124
0.994996990 -0.000701867 -0.099902441 -5.095866788 0.000808378 0.999999147 0.001025671 -0.525204710 0.099901636 -0.001101299 0.994996709 74.766814435
0.995097575 -0.004720176 -0.098785304 -5.148885866 0.004395591 0.999984203 -0.003503146 -0.538121905 0.098800279 0.003051752 0.995102604 75.361578763
0.995449032 -0.002195647 -0.095270158 -5.213960823 0.001839522 0.999990990 -0.003825714 -0.543273882 0.095277699 0.003633052 0.995444102 75.930010981
0.995838964 0.002450304 -0.091097491 -5.270698495 -0.002504242 0.999996750 -0.000477799 -0.554295143 0.091096024 0.000703941 0.995841864 76.491845785
0.996238657 0.000778590 -0.086648319 -5.315328187 -0.000567079 0.999996800 0.002465624 -0.558743257 0.086649961 -0.002407214 0.996235911 77.052284056
0.996715670 -0.002912053 -0.080928315 -5.352009125 0.003488706 0.999969519 0.006984998 -0.569523125 0.080905507 -0.007244392 0.996695449 77.598251191
0.997345077 -0.007344069 -0.072449026 -5.383778891 0.008133391 0.999910678 0.010605866 -0.581881408 0.072364664 -0.011166965 0.997315724 78.115404225
0.998108692 -0.003703563 -0.061362231 -5.416927580 0.004340076 0.999938120 0.010243009 -0.582953963 0.061320498 -0.010489953 0.998063003 78.630653374
0.998949781 0.001405901 -0.045796919 -5.447667874 -0.000958955 0.999951717 0.009779811 -0.586449978 0.045808457 -0.009725623 0.998902897 79.127536617
0.999591967 0.006756312 -0.027753392 -5.457343656 -0.006463147 0.999922513 0.010639376 -0.593714436 0.027823125 -0.010455661 0.999558179 79.617481061
0.999967457 0.004705717 -0.006552902 -5.428685475 -0.004628014 0.999919397 0.011822901 -0.596743510 0.006608009 -0.011792189 0.999908635 80.098425318
0.999798055 0.001349117 0.020050664 -5.403905039 -0.001606409 0.999916511 0.012821523 -0.596757041 -0.020031693 -0.012851143 0.999716750 80.571053119
0.998770688 0.000256664 0.049568607 -5.358287909 -0.000978619 0.999893795 0.014541043 -0.598969242 -0.049559611 -0.014571676 0.998664864 81.031103052
0.996572260 -0.000088854 0.082726796 -5.299615975 -0.001284787 0.999862195 0.016551164 -0.604838188 -0.082716867 -0.016600718 0.996434813 81.486626396
0.992674427 -0.000269227 0.120819736 -5.229704265 -0.001866974 0.999843939 0.017567345 -0.608953203 -0.120805611 -0.017664221 0.992519007 81.930296967
0.986633347 -0.000353229 0.162955557 -5.136859428 -0.002699421 0.999825009 0.018511214 -0.613884298 -0.162933580 -0.018703667 0.986459741 82.361417170
0.977955439 -0.000624960 0.208812760 -5.024270136 -0.003465283 0.999809241 0.019221683 -0.620377025 -0.208784940 -0.019521545 0.977766720 82.789099774
0.966060456 0.001308148 0.258312765 -4.890903987 -0.006017821 0.999829756 0.017442626 -0.624037910 -0.258245971 -0.018405111 0.965903862 83.199769958
0.950497012 0.002236887 0.310725646 -4.724406881 -0.007107410 0.999868980 0.014543306 -0.624116007 -0.310652403 -0.016031823 0.950388376 83.583855848
0.930815294 0.001975361 0.365484590 -4.537292976 -0.007398872 0.999882314 0.013439296 -0.634295210 -0.365415030 -0.015213676 0.930720366 83.938203860
0.906413252 0.003062749 0.422380913 -4.339907085 -0.008904378 0.999890043 0.011858098 -0.632836242 -0.422298151 -0.014509376 0.906340857 84.277780623
0.877170759 0.002736728 0.480170772 -4.117175403 -0.009009354 0.999901530 0.010759263 -0.636520333 -0.480094045 -0.013763739 0.877109040 84.602930114
0.843371652 0.001104084 0.537329543 -3.875979422 -0.007145495 0.999932510 0.009160670 -0.641316121 -0.537283164 -0.011565335 0.843322622 84.908584782
0.805964649 0.001099153 0.591962647 -3.616470222 -0.007149851 0.999943407 0.007877924 -0.642462102 -0.591920488 -0.010581773 0.805926896 85.201053967
0.765852780 -0.000509644 0.643015754 -3.337592320 -0.007072184 0.999932525 0.009215733 -0.649341172 -0.642977064 -0.011605420 0.765797499 85.470762486
0.722872479 -0.000850840 0.690980937 -3.047297151 -0.009822846 0.999885539 0.011507420 -0.652023160 -0.690911637 -0.015105797 0.722781381 85.720548394
0.678076318 -0.001754632 0.734989407 -2.738711653 -0.009793324 0.999886808 0.011422007 -0.649526567 -0.734926254 -0.014942982 0.677982381 85.935833815
0.632726299 -0.003139512 0.774369145 -2.403007969 -0.006682610 0.999932408 0.009514277 -0.644775099 -0.774346675 -0.011194740 0.632662552 86.127123322
0.586795909 -0.006371442 0.809709804 -2.066163910 -0.001467558 0.999959032 0.008932013 -0.648826289 -0.809733541 -0.006429565 0.586762518 86.291562030
0.540132571 -0.004167236 0.841569629 -1.725301795 -0.004163794 0.999962268 0.007623944 -0.650762328 -0.841569646 -0.007622063 0.540094839 86.463228372
0.492457193 -0.001238291 0.870335786 -1.384223406 -0.009149979 0.999936357 0.006599964 -0.657112560 -0.870288568 -0.011213754 0.492414521 86.628301789
0.447036342 0.000991373 0.894515247 -1.029300059 -0.010741360 0.999933236 0.004259817 -0.660613804 -0.894451302 -0.011512603 0.447017145 86.770077053
0.403560899 -0.001462055 0.914951618 -0.668501082 -0.004807136 0.999981533 0.003718230 -0.660812768 -0.914940158 -0.005898830 0.403546418 86.896261944
0.363958836 -0.009349012 0.931368113 -0.297628365 0.009036105 0.999938007 0.006506195 -0.668353009 -0.931371201 0.006047953 0.364020752 86.984052790
0.328228267 -0.012763417 0.944512202 0.072102613 0.012670091 0.999878244 0.009108597 -0.665227475 -0.944513459 0.008977357 0.328350017 87.074680564
0.295188515 -0.008754068 0.955398925 0.451458797 0.009540122 0.999935181 0.006214542 -0.669119688 -0.955391400 0.007280161 0.295252896 87.172367005
0.263852919 -0.002116643 0.964560603 0.823503090 -0.001496341 0.999995491 0.002603721 -0.683768924 -0.964561765 -0.002130311 0.263848562 87.272482710
0.235309451 0.001837297 0.971918766 1.210225888 -0.006829655 0.999976650 -0.000236822 -0.698833618 -0.971896506 -0.006582143 0.235316504 87.356550431
0.209203501 0.002523318 0.977868871 1.605798580 -0.006621362 0.999977401 -0.001163805 -0.717581849 -0.977849709 -0.006231352 0.209215481 87.419775493
0.185552644 0.003568654 0.982627845 2.016476678 0.000401864 0.999993046 -0.003707605 -0.724324221 -0.982634243 0.001082839 0.185549919 87.469611710
0.165197876 0.009747607 0.986212272 2.433408100 0.006521581 0.999918500 -0.010975491 -0.719543058 -0.986238881 0.008244791 0.165120842 87.507738437
0.145692926 0.016230304 0.989196719 2.852932430 0.008400449 0.999809084 -0.017641680 -0.716042348 -0.989294195 0.010879964 0.145528769 87.548311309
0.128478988 0.016530715 0.991574448 3.291856038 0.005417910 0.999834444 -0.017370421 -0.725397067 -0.991697432 0.007603995 0.128368155 87.596627756
0.113695880 0.011484369 0.993449222 3.758232609 0.003088937 0.999924270 -0.011912736 -0.745036137 -0.993510798 0.004423131 0.113651795 87.637241918
0.098995229 0.007967569 0.995056010 4.226648519 0.003390526 0.999959439 -0.008344145 -0.757123810 -0.995082132 0.004199793 0.098964200 87.674882661
0.085806645 0.005351537 0.996297436 4.714111772 0.005816655 0.999965841 -0.005872204 -0.766688158 -0.996294829 0.006298993 0.085772586 87.707840514
0.073465320 0.004212574 0.997288875 5.217454668 0.009040995 0.999947174 -0.004889808 -0.774095545 -0.997256791 0.009375715 0.073423353 87.740277934
0.063593047 0.004990141 0.997963438 5.731819863 0.012075429 0.999910445 -0.005769357 -0.778891953 -0.997902855 0.012417728 0.063527094 87.760914679
0.055482695 0.005854776 0.998442483 6.262336948 0.013825577 0.999882431 -0.006631497 -0.779163931 -0.998363924 0.014171977 0.055395227 87.782848573
0.049451379 0.006564450 0.998754960 6.810596095 0.015311353 0.999855908 -0.007329797 -0.780373818 -0.998659163 0.015654758 0.049343743 87.807065561
0.043182774 0.006828710 0.999043851 7.376159361 0.016534614 0.999834797 -0.007548810 -0.791622242 -0.998930355 0.016844783 0.043062730 87.833108878
0.037126247 0.006957320 0.999286364 7.958735211 0.017132523 0.999824361 -0.007597586 -0.800836644 -0.999163710 0.017402366 0.037000529 87.851434147
0.032257753 0.006092824 0.999461012 8.566206725 0.019684511 0.999783589 -0.006730111 -0.812666589 -0.999285724 0.019891000 0.032130837 87.870059550
0.029226562 0.005852973 0.999555677 9.190662339 0.020894046 0.999760792 -0.006465107 -0.818414399 -0.999354415 0.021073715 0.029097279 87.884206374
0.026326165 0.004523933 0.999643170 9.830031937 0.021136296 0.999763692 -0.005081115 -0.831270030 -0.999429933 0.021262520 0.026224325 87.896297265
0.023623789 0.003757107 0.999713859 10.485801455 0.022716735 0.999732720 -0.004293987 -0.837423115 -0.999462789 0.022811675 0.023532126 87.909861905
0.022819734 0.003022851 0.999735026 11.161515689 0.027593206 0.999612563 -0.003652317 -0.846174514 -0.999358732 0.027669239 0.022727482 87.917927959
0.023649447 0.001828421 0.999718641 11.846475362 0.030912329 0.999518823 -0.002559321 -0.860204476 -0.999242279 0.030964158 0.023581547 87.933538756
0.025371935 0.002104915 0.999675865 12.564944872 0.032179319 0.999477843 -0.002921214 -0.857658306 -0.999160025 0.032243005 0.025290952 87.962717417
0.029237410 0.001674599 0.999571093 13.290195468 0.034412725 0.999404111 -0.002680890 -0.865176373 -0.998979949 0.034476347 0.029162360 87.980358927
0.034010082 0.001446256 0.999420443 14.023383733 0.034460842 0.999402617 -0.002618926 -0.867442360 -0.998827195 0.034529940 0.033939926 88.004984541
0.038521839 -0.000269863 0.999257722 14.788882554 0.036014230 0.999350651 -0.001118477 -0.868246307 -0.998608554 0.036030583 0.038506544 88.022660842
0.042717612 -0.002080749 0.999085019 15.554734610 0.036554765 0.999331517 0.000518300 -0.873532514 -0.998418226 0.036499177 0.042765117 88.058496816
0.046175530 -0.004106692 0.998924900 16.336745672 0.032734927 0.999460698 0.002595715 -0.880276186 -0.998396837 0.032579875 0.046285060 88.114560811
0.050240181 -0.005267157 0.998723276 17.131605466 0.032243601 0.999473378 0.003649117 -0.884223885 -0.998216547 0.032019102 0.050383556 88.166327449
0.053942332 -0.004201122 0.998535215 17.941830008 0.029580763 0.999558993 0.002607433 -0.887437031 -0.998105808 0.029396783 0.054042816 88.228861128
0.055274353 0.000112716 0.998471198 18.719237195 0.027657617 0.999616103 -0.001643943 -0.888047294 -0.998088073 0.027706202 0.055250016 88.305333598
0.055664509 0.005435407 0.998434734 19.524815224 0.021732273 0.999741682 -0.006654135 -0.896744349 -0.998212989 0.022068655 0.055532006 88.384401372
0.054857407 0.008686885 0.998456410 20.330838226 0.018740851 0.999777048 -0.009728038 -0.907857342 -0.998318309 0.019245578 0.054682377 88.450177799
0.053938274 0.008544363 0.998507715 21.138001029 0.016114763 0.999825716 -0.009426143 -0.917131638 -0.998414231 0.016599145 0.053791183 88.524690390
0.052809601 0.006272766 0.998584898 21.959355069 0.012718389 0.999894939 -0.006953600 -0.941464470 -0.998523604 0.013067608 0.052724273 88.592871277
0.052875132 0.004896967 0.998589125 22.787912533 0.013746135 0.999889661 -0.005631201 -0.957852319 -0.998506517 0.014024491 0.052801983 88.638946422
0.052624208 0.003894187 0.998606794 23.603588210 0.011334667 0.999925650 -0.004496640 -0.976920520 -0.998550058 0.011555507 0.052576156 88.703625637
0.052914486 0.003914164 0.998591376 24.429982022 0.009992061 0.999940181 -0.004448921 -0.994873804 -0.998549055 0.010213398 0.052872210 88.754827564
0.048747523 0.006112447 0.998792429 25.239014555 0.006775932 0.999956239 -0.006450279 -1.007342591 -0.998788149 0.007082184 0.048703973 88.796628742
0.047224376 0.007533021 0.998855901 26.059627185 0.004089100 0.999961726 -0.007734687 -1.021291817 -0.998875937 0.004449687 0.047191766 88.851860572
0.044292276 0.007333114 0.998991702 26.875010961 0.000987885 0.999972249 -0.007384111 -1.034432544 -0.999018127 0.001313948 0.044283803 88.900613483
0.039566604 0.005450276 0.999202071 27.690474102 -0.001573695 0.999984224 -0.005392226 -1.055941494 -0.999215696 -0.001359087 0.039574557 88.952390462
0.029807496 0.004751446 0.999544365 28.505765410 -0.003186194 0.999984073 -0.004658520 -1.054068693 -0.999550580 -0.003045884 0.029822160 89.017692608
0.023408271 0.002460448 0.999722961 29.318606742 -0.005825341 0.999980330 -0.002324682 -1.070900874 -0.999709017 -0.005769310 0.023422143 89.044530769
0.014891720 0.002421934 0.999886179 30.125959200 -0.006349455 0.999977133 -0.002327589 -1.086832022 -0.999868952 -0.006314071 0.014906757 89.071304967
0.005645148 0.003721642 0.999977141 30.935578767 -0.006387507 0.999972808 -0.003685566 -1.095883022 -0.999963665 -0.006366556 0.005668767 89.086114554
-0.003149080 0.004692753 0.999984031 31.740364606 -0.006304722 0.999969021 -0.004712537 -1.097253784 -0.999975167 -0.006319461 -0.003119396 89.081243330
-0.013833628 0.003704772 0.999897447 32.542670482 -0.005523774 0.999977594 -0.003781491 -1.112168026 -0.999889053 -0.005575519 -0.013812854 89.074040777
-0.022561483 0.002785842 0.999741576 33.339278584 -0.006798227 0.999972570 -0.002939903 -1.119280611 -0.999722343 -0.006862798 -0.022541926 89.064324355
-0.033940744 0.002136945 0.999421562 34.132421298 -0.005857476 0.999980114 -0.002337062 -1.133705358 -0.999406682 -0.005933409 -0.033927552 89.039848883
-0.041364744 0.001659651 0.999142734 34.921385678 -0.005876783 0.999980918 -0.001904344 -1.143021150 -0.999126829 -0.005950518 -0.041354201 89.014893671
-0.047310431 0.001235172 0.998879471 35.697866202 -0.006138344 0.999979994 -0.001527266 -1.155851446 -0.998861374 -0.006203721 -0.047301902 88.978627176
-0.058535714 0.002434679 0.998282346 36.479560714 -0.005936401 0.999978496 -0.002786905 -1.155156069 -0.998267664 -0.006089338 -0.058520002 88.933645408
-0.069518522 0.003441013 0.997574726 37.252251796 -0.004638888 0.999982124 -0.003772589 -1.159681804 -0.997569875 -0.004889902 -0.069501316 88.884042941
-0.079865771 0.004559301 0.996795200 38.029195426 -0.004188685 0.999979176 -0.004909473 -1.166809408 -0.996796827 -0.004567360 -0.079845010 88.836583020
-0.088656496 0.004636025 0.996051471 38.767964955 -0.003883430 0.999979959 -0.004999966 -1.184891343 -0.996054690 -0.004311376 -0.088636716 88.745698658
-0.097626326 0.004622214 0.995212407 39.516581926 -0.003140878 0.999982804 -0.004952477 -1.206127677 -0.995218185 -0.003609333 -0.097610129 88.663804643
-0.105804309 0.004509009 0.994376748 40.262234755 -0.001969264 0.999986808 -0.004743983 -1.215450325 -0.994385021 -0.002460124 -0.105794034 88.575007337
-0.113267487 0.003860906 0.993557029 40.994500953 -0.000377130 0.999992211 -0.003928907 -1.224351534 -0.993564459 -0.000819717 -0.113265148 88.493626272
-0.118136259 0.001977318 0.992995425 41.719693019 0.002011877 0.999996442 -0.001751906 -1.243991913 -0.992995356 0.001790821 -0.118139817 88.402256376
-0.122048095 0.000408918 0.992524103 42.438953875 0.004826480 0.999988336 0.000181506 -1.259352690 -0.992512452 0.004812550 -0.122048645 88.313648160
-0.125248553 -0.000416133 0.992125308 43.130655668 0.005891943 0.999981966 0.001163243 -1.267733098 -0.992107900 0.005991241 -0.125243842 88.233637551
-0.126016449 -0.000525209 0.992028013 43.803349714 0.005936554 0.999981555 0.001283535 -1.272180534 -0.992010389 0.006050974 -0.126011006 88.159996185
-0.127223416 -0.000036434 0.991874085 44.465079237 0.006688926 0.999977229 0.000894691 -1.283590217 -0.991851532 0.006748398 -0.127220276 88.079837997
-0.123170907 0.002612545 0.992382034 45.133638205 0.007971792 0.999966875 -0.001643083 -1.284378911 -0.992353454 0.007708684 -0.123187653 87.990327704
-0.120537071 0.004152951 0.992700140 45.752528335 0.008844741 0.999956050 -0.003109347 -1.299777721 -0.992669424 0.008405384 -0.120568505 87.917799835
-0.115660583 0.004818079 0.993277109 46.377443771 0.008758919 0.999954303 -0.003830550 -1.310391536 -0.993250175 0.008256990 -0.115697499 87.856860594
-0.108261342 0.004941002 0.994110189 46.959442843 0.007827052 0.999960890 -0.004117694 -1.335174841 -0.994091655 0.007335165 -0.108295781 87.809336825
-0.096534738 0.005382732 0.995315061 47.553317993 0.007832116 0.999958525 -0.004648214 -1.335679211 -0.995298800 0.007346709 -0.096572893 87.760461974
-0.082621621 0.005804833 0.996564083 48.121527724 0.007478858 0.999958489 -0.005204559 -1.347300012 -0.996552926 0.007023152 -0.082661605 87.725566353
-0.065676725 0.007011444 0.997816319 48.657420111 0.006944562 0.999954307 -0.006569373 -1.362289902 -0.997816787 0.006497943 -0.065722416 87.707198581
-0.044398989 0.009399433 0.998969659 49.184934988 0.005862372 0.999940971 -0.009148020 -1.379247311 -0.998996678 0.005450169 -0.044451471 87.700929647
-0.019473067 0.012096829 0.999737199 49.700615263 0.004504588 0.999917716 -0.012011272 -1.396188089 -0.999800234 0.004269507 -0.019525956 87.701507970
0.007334855 0.013651563 0.999879910 50.219684816 0.002991755 0.999902033 -0.013673812 -1.412381525 -0.999968624 0.003091691 0.007293294 87.753197463
0.041040161 0.013449843 0.999066968 50.732580619 0.001331832 0.999907769 -0.013515872 -1.420211165 -0.999156610 0.001885283 0.041018463 87.789733227
0.079784656 0.010758181 0.996754067 51.232262397 0.000723295 0.999940870 -0.010850473 -1.434969601 -0.996811861 0.001586648 0.079772157 87.840207496
0.122009917 0.007137209 0.992503219 51.733991478 -0.001314638 0.999974430 -0.007029325 -1.447835119 -0.992528011 -0.000447136 0.122016180 87.928541409
0.166795698 0.002763581 0.985987605 52.219659718 -0.003924462 0.999990012 -0.002138941 -1.462935336 -0.985983668 -0.003512704 0.166804878 88.047734702
0.215611720 -0.000471370 0.976479065 52.705999346 -0.007688416 0.999968067 0.002180351 -1.470244063 -0.976448910 -0.007977686 0.215601210 88.183419710
0.266991669 -0.001846185 0.963697069 53.171519359 -0.010480726 0.999933462 0.004819283 -1.475026622 -0.963641844 -0.011386953 0.266954554 88.349229078
0.321970525 -0.002127933 0.946747302 53.620353822 -0.009972645 0.999934372 0.005638982 -1.480330105 -0.946697168 -0.011257161 0.321928173 88.538478812
0.379863546 -0.001216917 0.925041732 54.056468571 -0.006570706 0.999970358 0.004013714 -1.482221214 -0.925019195 -0.007602840 0.379844290 88.751511830
0.440684538 0.003442781 0.897655438 54.478404433 -0.004679631 0.999987868 -0.001537894 -1.472816844 -0.897649842 -0.003522970 0.440695303 88.984406472
0.500995645 0.006285815 0.865426977 54.876536049 -0.001776927 0.999978987 -0.006234437 -1.482101544 -0.865447980 0.001585625 0.500996287 89.243891522
0.558679176 0.011568934 0.829303164 55.233594849 -0.005035494 0.999931595 -0.010556956 -1.478856531 -0.829368568 0.001722001 0.558699215 89.553051859
0.614911248 0.014462862 0.788463685 55.583314546 -0.007294834 0.999893350 -0.012652002 -1.482135437 -0.788562580 0.002028147 0.614951172 89.880372315
0.668447299 0.016243348 0.743582116 55.908456402 -0.007721895 0.999859171 -0.014900009 -1.476779462 -0.743719424 0.004218008 0.668478591 90.220333522
0.718111921 0.014136125 0.695784046 56.214801766 -0.006421970 0.999885713 -0.013686453 -1.484235577 -0.695898001 0.005360101 0.718120632 90.588692006
0.763951859 0.011891150 0.645163668 56.489034962 -0.007979542 0.999927830 -0.008981141 -1.481267923 -0.645223902 0.001713049 0.763991611 90.979119168
0.805663239 0.006871131 0.592333971 56.734830147 -0.007061240 0.999973078 -0.001995436 -1.484946932 -0.592331735 -0.002574963 0.805690068 91.388906880
0.842721219 0.005661242 0.538320441 56.967557259 -0.009113184 0.999951441 0.003750381 -1.477926964 -0.538273069 -0.008066339 0.842731889 91.829598297
0.874334778 0.003123781 0.485313237 57.171085277 -0.009293235 0.999903700 0.010306577 -1.469949778 -0.485234306 -0.013521529 0.874279610 92.276486013
0.900329314 0.004256850 0.435188471 57.342470588 -0.012334499 0.999800064 0.015738267 -1.472010357 -0.435034465 -0.019537455 0.900201812 92.733676623
0.921026134 0.006826953 0.389440950 57.489007468 -0.015453386 0.999699627 0.019022320 -1.471889162 -0.389194108 -0.023538235 0.920854982 93.185060052
0.936806788 0.013242602 0.349596447 57.622960138 -0.022139272 0.999524451 0.021464507 -1.466163214 -0.349145951 -0.027847907 0.936654472 93.654764287
0.949496150 0.016460258 0.313346648 57.761736215 -0.024371065 0.999475068 0.021345738 -1.466444007 -0.312830806 -0.027904288 0.949398882 94.129404930
0.958948987 0.019114073 0.282933725 57.875271553 -0.026052647 0.999444546 0.020781202 -1.452058403 -0.282379355 -0.027299285 0.958914307 94.607478696
0.965249912 0.014499366 0.260925998 58.007194234 -0.020422374 0.999591324 0.020002814 -1.436187869 -0.260529335 -0.024636443 0.965151548 95.107981873
0.969095196 0.011654224 0.246411607 58.109318352 -0.017328126 0.999632017 0.020870235 -1.438836831 -0.246077706 -0.024495096 0.968940531 95.591406876
0.972147975 0.015670890 0.233843403 58.212439335 -0.020949530 0.999578335 0.020106452 -1.429808710 -0.233429713 -0.024445355 0.972066352 96.094813334
0.974669914 0.020319677 0.222723303 58.348000222 -0.025449179 0.999472320 0.020184660 -1.410626279 -0.222195631 -0.025341506 0.974672719 96.638048224
0.975808229 0.028028619 0.216824115 58.444322224 -0.032866369 0.999284100 0.018737398 -1.402408518 -0.216143707 -0.025410328 0.976030846 97.153051884
0.976124917 0.034243155 0.214493713 58.538166309 -0.038332030 0.999153497 0.014931353 -1.394358178 -0.213800847 -0.022796846 0.976611234 97.677005049
0.976150594 0.036074058 0.214076342 58.649733155 -0.039664430 0.999134888 0.012498374 -1.397777125 -0.213440274 -0.020691512 0.976736971 98.215279353
0.975704614 0.034558325 0.216347473 58.780495904 -0.037309852 0.999266346 0.008645460 -1.395465101 -0.215889976 -0.016507308 0.976278150 98.767385600
0.974571988 0.032449206 0.221712627 58.896598009 -0.033516929 0.999437594 0.001054084 -1.373742641 -0.221553730 -0.008458407 0.975111481 99.356691231
0.973894027 0.032911577 0.224604659 59.042084191 -0.032937568 0.999450811 -0.003632168 -1.374246421 -0.224600849 -0.003860585 0.974443202 99.909693607
0.972303751 0.038130329 0.230589450 59.154651581 -0.038427776 0.999256248 -0.003202656 -1.374221230 -0.230540066 -0.005747085 0.973045862 100.528617092
0.970973881 0.041280769 0.235596308 59.300981591 -0.042642872 0.999090143 0.000687218 -1.376492830 -0.235353580 -0.010713774 0.971850764 101.131065543
0.969455127 0.038685362 0.242198677 59.440361181 -0.041155560 0.999139498 0.005146172 -1.374157823 -0.241791183 -0.014956805 0.970213027 101.781140753
0.968903925 0.034121867 0.245073219 59.623343774 -0.038081615 0.999209197 0.011435531 -1.384539269 -0.244489213 -0.020412714 0.969437128 102.411731026
0.967903744 0.031665904 0.249318296 59.782933158 -0.036872151 0.999188052 0.016238280 -1.384368831 -0.248601663 -0.024909994 0.968285446 103.057156053
0.967122186 0.027144580 0.252859348 59.952618071 -0.032443656 0.999332196 0.016809844 -1.377880303 -0.252234192 -0.024460855 0.967357007 103.712882100
0.967604290 0.023586501 0.251367491 60.161075706 -0.028082087 0.999503158 0.014311977 -1.380436276 -0.250905032 -0.020907254 0.967785902 104.378834902
0.967620008 0.023191398 0.251343748 60.329467267 -0.025787867 0.999642640 0.007041137 -1.374850902 -0.251090634 -0.013294765 0.967872276 105.042022181
0.967823528 0.025635946 0.250320627 60.506912567 -0.026435408 0.999650509 -0.000168492 -1.367545434 -0.250237462 -0.006454257 0.968162980 105.713361900
0.968435673 0.028254240 0.247657110 60.677555662 -0.028240322 0.999594647 -0.003609230 -1.370004291 -0.247658698 -0.003498609 0.968841024 106.391752031
0.969025988 0.026862143 0.245493502 60.859104708 -0.027782845 0.999613941 0.000287286 -1.363847822 -0.245391010 -0.007098896 0.969398194 107.124691220
0.969482485 0.022784631 0.244099511 61.041353581 -0.025478564 0.999644279 0.007884062 -1.365765076 -0.243833044 -0.013862765 0.969718140 107.843290967
0.970000501 0.023059623 0.242006782 61.210399942 -0.027228525 0.999532650 0.013895629 -1.372479551 -0.241573253 -0.020068255 0.970175051 108.576918944
0.970266046 0.026580004 0.240577021 61.378102152 -0.030646027 0.999443466 0.013174943 -1.371360461 -0.240092942 -0.020155930 0.970540632 109.316456129
0.970604343 0.032155164 0.238523071 61.546129126 -0.035274327 0.999338756 0.008818910 -1.370368282 -0.238081776 -0.016973413 0.971096788 110.067055894
0.971595833 0.033041981 0.234328325 61.741610541 -0.034671696 0.999394728 0.002837446 -1.359344405 -0.234092738 -0.010881411 0.972153375 110.843216655
0.972559931 0.032080342 0.230430105 61.915352037 -0.032960368 0.999456659 -0.000030280 -1.359679107 -0.230305874 -0.007565612 0.973088879 111.607187741
0.973446379 0.029983101 0.226943076 62.084742824 -0.031134673 0.999514080 0.001495542 -1.362775023 -0.226787959 -0.008521628 0.973906876 112.385489203
0.974284033 0.026334678 0.223779149 62.263425535 -0.027781505 0.999608510 0.003318934 -1.365362953 -0.223604138 -0.009450506 0.974634227 113.178818431
0.974748790 0.025153552 0.221883065 62.448832967 -0.027255562 0.999607907 0.006416157 -1.374046024 -0.221634677 -0.012301689 0.975052172 113.990102868
0.975111827 0.022129900 0.220606419 62.633109569 -0.024612277 0.999660852 0.008509853 -1.371682786 -0.220343278 -0.013727685 0.975325787 114.797466049
0.975448921 0.016684980 0.219592836 62.831553554 -0.019242977 0.999769561 0.009514912 -1.367620655 -0.219383477 -0.013506930 0.975545208 115.605117784
0.975249862 0.017503772 0.220411716 63.004919267 -0.020237914 0.999743644 0.010152534 -1.354193736 -0.220177504 -0.014361931 0.975354090 116.474937649
0.974918272 0.022819820 0.221390195 63.171220685 -0.025257335 0.999647475 0.008184924 -1.355262345 -0.221125371 -0.013571358 0.975150957 117.296241373
0.974574647 0.028635673 0.222225688 63.344031948 -0.030265818 0.999534148 0.003932783 -1.342431542 -0.222009545 -0.010558632 0.974987321 118.122909234
0.973878623 0.037727992 0.223912988 63.506537477 -0.039464185 0.999215595 0.003282204 -1.357537020 -0.223613519 -0.012033012 0.974603612 118.966242149
0.972912819 0.043875094 0.226970532 63.686373969 -0.046027562 0.998931353 0.004197012 -1.367477227 -0.226543837 -0.014530227 0.973892583 119.803935712
0.972064822 0.046263470 0.230107958 63.868423782 -0.048957299 0.998782802 0.006008094 -1.372067400 -0.229549916 -0.017105721 0.973146562 120.639045800
0.971723126 0.046235370 0.231552276 64.075787985 -0.049122501 0.998770186 0.006715378 -1.398551195 -0.230957021 -0.017899915 0.972799284 121.459747976
0.971322270 0.044909424 0.233487028 64.273208759 -0.047133187 0.998880802 0.003950335 -1.403105299 -0.233048302 -0.014842036 0.972351892 122.297397585
0.971376345 0.038359962 0.234428050 64.483746033 -0.040761422 0.999154287 0.005405329 -1.407717536 -0.234022442 -0.014806229 0.972118445 123.133370789
0.971787022 0.031576190 0.233736877 64.708217100 -0.033394141 0.999434947 0.003823292 -1.417618157 -0.233484079 -0.011520868 0.972292371 123.960161656
0.971549717 0.030782078 0.234826770 64.912244591 -0.032597957 0.999461114 0.003854100 -1.426161101 -0.234581588 -0.011399322 0.972029595 124.796413630
0.971060616 0.033198235 0.236514601 65.108254553 -0.035826237 0.999334755 0.006821136 -1.430682889 -0.236130811 -0.015097165 0.971603991 125.637790115
0.970784618 0.035469977 0.237316469 65.309481074 -0.039375669 0.999155549 0.011736520 -1.422295870 -0.236699773 -0.020738128 0.971361492 126.484024854
0.970353179 0.039063283 0.238513663 65.499534188 -0.044141050 0.998897446 0.015983129 -1.428062079 -0.237626335 -0.026037523 0.971007607 127.317402930
0.970175788 0.038761100 0.239283341 65.700277967 -0.042248407 0.999062350 0.009460023 -1.433480038 -0.238692296 -0.019287225 0.970903698 128.143259068
0.970218826 0.034506147 0.239759785 65.889221061 -0.034464261 0.999396382 -0.004368722 -1.447633447 -0.239765810 -0.004024527 0.970822414 128.946773309
