# name: debug
# type: sparse matrix
# nnz: 3600
# rows: 60
# columns: 60

1 1 -30333.3357
2 1 1261.64254
3 1 16944.0295
4 1 4525.72951
5 1 216801.847
6 1 25189.0507
7 1 -3431.18773
8 1 652.449266
9 1 -1549.25276
10 1 -3464.46572
11 1 -83306.6095
12 1 -12560.007
13 1 -616.144236
14 1 32.4981577
15 1 -183.689632
16 1 400.271577
17 1 -27651.0646
18 1 -5213.08547
19 1 -168.832666
20 1 0.393603944
21 1 -23.4401245
22 1 254.556988
23 1 -11913.5968
24 1 -1662.2184
25 1 -150.941424
26 1 1.25845541
27 1 -20.5665968
28 1 174.670614
29 1 -10522.5487
30 1 -1425.00608
31 1 -156.709814
32 1 3.75505562
33 1 -20.4919621
34 1 51.5930461
35 1 -9957.76732
36 1 -1431.12741
37 1 -107.174024
38 1 1.083725
39 1 -11.2459333
40 1 66.8331431
41 1 -7583.74407
42 1 -838.757878
43 1 -100.32406
44 1 0.375478739
45 1 -7.79064628
46 1 57.2432444
47 1 -6906.45296
48 1 -664.158914
49 1 -99.5136649
50 1 -0.430798562
51 1 -5.31972488
52 1 64.597535
53 1 -6506.33408
54 1 -570.70048
55 1 -112.303244
56 1 -0.898257513
57 1 -6.25771558
58 1 96.1640964
59 1 -6898.31723
60 1 -639.739509
1 2 1261.64254
2 2 32766.854
3 2 12421.2207
4 2 -254977.323
5 2 -4403.38308
6 2 -62657.2333
7 2 620.39991
8 2 -7100.66958
9 2 -361.642463
10 2 107707.405
11 2 2617.05659
12 2 47713.4139
13 2 22.4218268
14 2 -657.550628
15 2 -125.182398
16 2 27759.3793
17 2 -846.433482
18 2 6701.72132
19 2 -0.775959497
20 2 -168.582991
21 2 -26.1484927
22 2 11942.8634
23 2 -337.39634
24 2 1506.19303
25 2 0.805125129
26 2 -150.584151
27 2 -22.0343329
28 2 10517.8799
29 2 -206.766078
30 2 1332.55201
31 2 3.22716712
32 2 -155.595504
33 2 -23.7991419
34 2 9963.65072
35 2 -84.518527
36 2 1229.64549
37 2 1.15355078
38 2 -107.589419
39 2 -11.4623852
40 2 7599.2829
41 2 -62.0336025
42 2 781.741801
43 2 1.21249204
44 2 -100.507847
45 2 -8.95579509
46 2 6936.25777
47 2 0.238567165
48 2 541.132633
49 2 1.06064144
50 2 -99.4227898
51 2 -7.80853481
52 2 6546.57856
53 2 33.0961165
54 2 356.707055
55 2 1.88248198
56 2 -112.261569
57 2 -9.17662544
58 2 6944.64932
59 2 75.0089902
60 2 398.756748
1 3 16944.0295
2 3 12421.2207
3 3 -2529.98924
4 3 -23212.5641
5 3 43886.0762
6 3 -160.514099
7 3 -1204.3258
8 3 -269.742791
9 3 -716.746452
10 3 8739.20463
11 3 -24187.6837
12 3 84.3265533
13 3 -151.96346
14 3 -105.041127
15 3 -79.5644875
16 3 4735.46527
17 3 -5901.62962
18 3 11.3723335
19 3 -20.4886779
20 3 -22.9031985
21 3 -8.30139857
22 3 1570.36275
23 3 -1427.14818
24 3 2.10497032
25 3 -16.7074531
26 3 -17.5150336
27 3 -6.80659912
28 3 1207.30517
29 3 -1159.02747
30 3 -2.46122726
31 3 -15.3703892
32 3 -17.1435796
33 3 -6.9216704
34 3 1070.35594
35 3 -958.055128
36 3 -4.4407293
37 3 -8.54914796
38 3 -8.27676831
39 3 -3.59170867
40 3 632.670262
41 3 -617.582078
42 3 -3.89324347
43 3 -5.86782733
44 3 -6.30854031
45 3 -2.26645827
46 3 481.097364
47 3 -414.60996
48 3 -3.30316848
49 3 -3.95546626
50 3 -4.94451726
51 3 -1.35264684
52 3 372.089165
53 3 -266.608288
54 3 -4.02936211
55 3 -4.39859094
56 3 -5.48101142
57 3 -1.59209509
58 3 392.093551
59 3 -279.00957
60 3 -4.8206679
1 4 4525.72951
2 4 -254977.323
3 4 -23212.5641
4 4 13179596.7
5 4 -259799.553
6 4 1791952.14
7 4 -5648.80277
8 4 133906.49
9 4 11545.4034
10 4 -3366156.26
11 4 80939.7067
12 4 -925898.867
13 4 507.871881
14 4 31696.4058
15 4 6184.9007
16 4 -1662629.9
17 4 101695.607
18 4 -298257.708
19 4 309.538726
20 4 13379.6023
21 4 1999.36438
22 4 -984711.141
23 4 42749.2795
24 4 -114402.906
25 4 146.655853
26 4 12518.4602
27 4 1787.11022
28 4 -905060.169
29 4 30725.2436
30 4 -106418.559
31 4 -38.6582369
32 4 12796.3117
33 4 1879.04476
34 4 -854531.192
35 4 18784.6746
36 4 -95754.7361
37 4 -0.401733693
38 4 9971.39292
39 4 1110.94022
40 4 -711519.695
41 4 12858.7568
42 4 -69356.6741
43 4 -52.5835159
44 4 9403.95823
45 4 890.701036
46 4 -655871.825
47 4 4229.75105
48 4 -49444.0003
49 4 -75.3455208
50 4 9358.06887
51 4 796.160899
52 4 -623463.262
53 4 -1079.71018
54 4 -33867.7786
55 4 -151.358045
56 4 10547.7312
57 4 935.176645
58 4 -660843.332
59 4 -5019.41088
60 4 -37799.5961
1 5 216801.847
2 5 -4403.38308
3 5 43886.0762
4 5 -259799.553
5 5 12909458.1
6 5 1351983.41
7 5 -93725.9898
8 5 6165.00528
9 5 -34356.9202
10 5 61079.5265
11 5 -3244740.52
12 5 -444817.586
13 5 -31117.7777
14 5 -7.71473312
15 5 -7941.64826
16 5 74664.1185
17 5 -1668369.47
18 5 -272932.6
19 5 -13354.7211
20 5 -216.29278
21 5 -1817.14024
22 5 35873.8021
23 5 -981057.584
24 5 -125675.205
25 5 -12536.9637
26 5 -108.756397
27 5 -1678.90302
28 5 27974.2996
29 5 -905553.655
30 5 -114860.863
31 5 -12836.1413
32 5 80.6141644
33 5 -1619.32437
34 5 16078.6369
35 5 -851928.42
36 5 -113259.839
37 5 -9951.28565
38 5 -6.56563664
39 5 -1046.18274
40 5 13370.5372
41 5 -710000.542
42 5 -78372.6237
43 5 -9381.59016
44 5 -25.8915442
45 5 -734.165027
46 5 9688.50868
47 5 -651549.104
48 5 -64288.6463
49 5 -9345.26959
50 5 -64.8429466
51 5 -507.337469
52 5 8210.31494
53 5 -617068.389
54 5 -57291.2528
55 5 -10534.4691
56 5 -109.708387
57 5 -595.372102
58 5 11247.4122
59 5 -653967.228
60 5 -64216.2031
1 6 25189.0507
2 6 -62657.2333
3 6 -160.514099
4 6 1791952.14
5 6 1351983.41
6 6 775796.327
7 6 -12155.2882
8 6 47982.5145
9 6 374.510659
10 6 -750911.981
11 6 -381914.29
12 6 -454391.736
13 6 -5192.29936
14 6 6741.93036
15 6 -8.49617376
16 6 -258092.76
17 6 -240045.332
18 6 -123814.758
19 6 -1663.27715
20 6 1499.83385
21 6 -2.85376707
22 6 -100647.529
23 6 -111228.696
24 6 -39080.0286
25 6 -1384.86037
26 6 1321.87459
27 6 3.21647943
28 6 -87460.2904
29 6 -92372.2949
30 6 -34666.6331
31 6 -1388.85844
32 6 1239.79236
33 6 6.51607149
34 6 -73417.656
35 6 -83450.5797
36 6 -31809.004
37 6 -804.006145
38 6 798.286914
39 6 5.81910052
40 6 -53040.5905
41 6 -56922.0431
42 6 -22398.2876
43 6 -635.043321
44 6 562.091778
45 6 4.88787219
46 6 -37469.6238
47 6 -45613.124
48 6 -14920.4078
49 6 -511.927265
50 6 381.573004
51 6 5.8416606
52 6 -25339.2169
53 6 -36952.9893
54 6 -9456.84793
55 6 -573.436529
56 6 428.584533
57 6 7.48091896
58 6 -26726.9598
59 6 -39160.1594
60 6 -10603.6558
1 7 -3431.18773
2 7 620.39991
3 7 -1204.3258
4 7 -5648.80277
5 7 -93725.9898
6 7 -12155.2882
7 7 18090.1543
8 7 -4296.88575
9 7 487.496623
10 7 29022.3117
11 7 377179.806
12 7 21465.5638
13 7 -12198.1114
14 7 4146.2555
15 7 1497.0104
16 7 -22850.1398
17 7 -140588.708
18 7 4172.08311
19 7 -689.950226
20 7 -372.641581
21 7 -30.1256854
22 7 3820.35783
23 7 -24185.3168
24 7 -4437.75298
25 7 -323.712057
26 7 2.02498507
27 7 -2.28663346
28 7 208.039792
29 7 -15449.7593
30 7 -1666.43585
31 7 -306.176434
32 7 -9.61341415
33 7 -0.368702928
34 7 314.230085
35 7 -13821.6268
36 7 -1701.9705
37 7 -133.03653
38 7 0.534680829
39 7 -12.3767374
40 7 118.98762
41 7 -9360.95521
42 7 -940.773033
43 7 -126.536061
44 7 -0.147273655
45 7 -8.44355818
46 7 100.47017
47 7 -8643.11448
48 7 -750.704094
49 7 -127.624759
50 7 -0.966475499
51 7 -5.58984387
52 7 102.006468
53 7 -8258.91331
54 7 -656.321434
55 7 -144.397637
56 7 -1.67945485
57 7 -6.56424432
58 7 146.579446
59 7 -8768.892
60 7 -735.516122
1 8 652.449266
2 8 -7100.66958
3 8 -269.742791
4 8 133906.49
5 8 6165.00528
6 8 47982.5145
7 8 -4296.88575
8 8 23949.6314
9 8 509.612793
10 8 -420994.306
11 8 -29048.3388
12 8 -35037.6509
13 8 3991.20614
14 8 -13286.9598
15 8 245.922136
16 8 140604.638
17 8 21338.7638
18 8 -16857.1094
19 8 -381.047733
20 8 -1594.01137
21 8 -86.9047449
22 8 31552.4787
23 8 -3908.14802
24 8 -1355.47371
25 8 1.85692751
26 8 -312.179875
27 8 -28.4997464
28 8 15175.0611
29 8 -200.528957
30 8 1097.55449
31 8 -7.66863183
32 8 -427.726327
33 8 -33.1180737
34 8 15581.1738
35 8 -271.403016
36 8 659.398753
37 8 1.21425984
38 8 -133.404651
39 8 -12.9720975
40 8 9373.40149
41 8 -71.5937991
42 8 846.172793
43 8 1.46380981
44 8 -126.720888
45 8 -10.1745753
46 8 8677.19066
47 8 9.25534214
48 8 579.162926
49 8 1.51136159
50 8 -127.585834
51 8 -8.98402468
52 8 8311.3262
53 8 58.3632211
54 8 374.127932
55 8 2.54831451
56 8 -144.425982
57 8 -10.5731125
58 8 8830.32492
59 8 110.245369
60 8 417.105273
1 9 -1549.25276
2 9 -361.642463
3 9 -716.746452
