1.000000000 0.000000000 0.000000000 0.000000000 0.000000000 1.000000000 0.000000000 0.000000000 0.000000000 0.000000000 1.000000000 0.000000000
0.999990996 -0.002586033 -0.003364476 -0.002538166 0.002578994 0.999994480 -0.002095002 -0.006865019 0.003369875 0.002086306 0.999992146 0.673112102
0.999971714 -0.001327871 -0.007403209 -0.014309335 0.001300983 0.999992545 -0.003635506 -0.012537506 0.007407981 0.003625772 0.999965987 1.364291141
0.999931046 -0.001420203 -0.011657028 -0.022564900 0.001358165 0.999984883 -0.005328138 -0.012523859 0.011664419 0.005311938 0.999917859 2.081862594
0.999858208 -0.000077854 -0.016839147 -0.037924565 -0.000022290 0.999982317 -0.005946817 -0.020223032 0.016839312 0.005946349 0.999840527 2.812853715
0.999768226 -0.001271173 -0.021491365 -0.054428944 0.001136389 0.999979619 -0.006282601 -0.027370896 0.021498913 0.006256722 0.999749294 3.556014650
0.999656094 0.000320495 -0.026221968 -0.078423703 -0.000521595 0.999970505 -0.007662652 -0.033654165 0.026218739 0.007673694 0.999626776 4.312403865
0.999498984 0.002852369 -0.031522135 -0.105244556 -0.003117553 0.999960139 -0.008366669 -0.042587764 0.031497014 0.008460749 0.999468035 5.092017478
0.999349878 0.003179660 -0.035912542 -0.136878916 -0.003435470 0.999969150 -0.007063695 -0.046907752 0.035888974 0.007182479 0.999329972 5.875708078
0.999182453 0.002260346 -0.040364787 -0.178071128 -0.002436322 0.999987740 -0.004310971 -0.056929131 0.040354548 0.004405788 0.999175710 6.667130123
0.999056563 0.002328806 -0.043365428 -0.221548543 -0.002386729 0.999996327 -0.001283980 -0.072316322 0.043362278 0.001386270 0.999058452 7.449412584
0.998934496 0.003446801 -0.046021640 -0.273062580 -0.003523174 0.999992548 -0.001578501 -0.087143308 0.046015856 0.001738961 0.998939196 8.267567938
0.998761490 0.002881694 -0.049670726 -0.244426297 -0.002935272 0.999995186 -0.001005747 -0.103688083 0.049667588 0.001150298 0.998765141 8.983540819
0.998653620 -0.000421439 -0.051872634 -0.276356479 0.000336847 0.999998599 -0.001639500 -0.106335848 0.051873252 0.001619819 0.998652363 9.797384033
0.998553504 -0.000819214 -0.053760844 -0.331830590 0.000771819 0.999999295 -0.000902336 -0.109939892 0.053761545 0.000859537 0.998553432 10.638125766
0.998455759 -0.003545442 -0.055439405 -0.371951758 0.003474179 0.999993010 -0.001381755 -0.100905453 0.055443917 0.001187015 0.998461097 11.470185004
0.998331809 -0.002343999 -0.057689722 -0.425685868 0.002171892 0.999993003 -0.003045844 -0.115788963 0.057696457 0.002915467 0.998329915 12.319275887
0.998198311 -0.001413270 -0.059984447 -0.465367577 0.001064766 0.999982372 -0.005841474 -0.126142821 0.059991645 0.005767080 0.998182220 13.184112838
0.998046268 0.002761742 -0.062418100 -0.497827321 -0.003204289 0.999970428 -0.006991053 -0.156647646 0.062396947 0.007177400 0.998025604 14.021892312
0.997894095 0.003410596 -0.064774554 -0.489209510 -0.003826804 0.999972817 -0.006302496 -0.181794508 0.064751298 0.006537103 0.997880021 14.890621747
0.997796790 0.002749075 -0.066287310 -0.552655567 -0.003101677 0.999981581 -0.005216983 -0.192696514 0.066271748 0.005411090 0.997786939 15.782155579
0.997685885 0.003423635 -0.067905473 -0.620384372 -0.003678440 0.999986654 -0.003627669 -0.206038776 0.067892147 0.003869060 0.997685164 16.682022090
0.997604845 0.002870431 -0.069111024 -0.684565212 -0.003104165 0.999989820 -0.003274857 -0.219926525 0.069100920 0.003481545 0.997603599 17.581158463
0.997441308 0.002089526 -0.071459569 -0.730545116 -0.002381370 0.999989168 -0.003999091 -0.229415699 0.071450439 0.004159030 0.997435480 18.458795458
0.997436310 -0.000595270 -0.071557348 -0.807941993 0.000243185 0.999987823 -0.004928926 -0.233217358 0.071559411 0.004898888 0.997424309 19.362190919
0.997363841 -0.000173724 -0.072562658 -0.869290065 -0.000074084 0.999994175 -0.003412381 -0.242962652 0.072562828 0.003408761 0.997358018 20.278190323
0.997342490 0.001193353 -0.072845958 -0.934811131 -0.001185799 0.999999286 0.000146956 -0.257725758 0.072846082 -0.000060185 0.997343193 21.192412702
0.997375490 0.002442346 -0.072361369 -0.991443823 -0.002109636 0.999986852 0.004673962 -0.281008651 0.072371833 -0.004509039 0.997367528 22.106167069
0.997449063 0.000917347 -0.071375941 -1.041370188 -0.000422481 0.999975773 0.006948022 -0.271711435 0.071380585 -0.006900143 0.997425285 23.059143488
0.997390562 0.001595901 -0.072177002 -1.086789678 -0.001035467 0.999969032 0.007801468 -0.280508456 0.072187217 -0.007706374 0.997361327 24.072347892
0.997624362 0.001231972 -0.068877532 -1.178590391 -0.000908985 0.999988446 0.004720444 -0.277273363 0.068882552 -0.004646621 0.997613955 24.940787481
0.997722276 0.002526921 -0.067408268 -1.252789756 -0.002565211 0.999996594 -0.000481488 -0.280269085 0.067406821 0.000653308 0.997725360 25.870693597
0.997820395 0.000351292 -0.065987398 -1.321229738 -0.000596203 0.999993007 -0.003691830 -0.276152713 0.065985640 0.003723126 0.997813627 26.850752322
0.997867006 -0.001754467 -0.065256119 -1.387240304 0.001586308 0.999995287 -0.002628629 -0.290267471 0.065260423 0.002519505 0.997865086 27.813038714
0.997850612 -0.002931396 -0.065464214 -1.451703061 0.003093913 0.999992379 0.002381287 -0.303532674 0.065456734 -0.002578710 0.997852076 28.782557266
0.997772014 -0.006262582 -0.066421296 -1.514124448 0.006663320 0.999960901 0.005813454 -0.316966447 0.066382292 -0.006243088 0.997774732 29.753731918
0.997568016 -0.014301170 -0.068216790 -1.544454897 0.014718804 0.999875859 0.005623449 -0.331955929 0.068127900 -0.006613842 0.997654673 30.699800974
0.997453578 -0.016627416 -0.069353362 -1.598398287 0.016821532 0.999856053 0.002215826 -0.351543597 0.069306535 -0.003376814 0.997589696 31.655854804
0.997347897 -0.015939023 -0.071014930 -1.667504994 0.015850551 0.999872735 -0.001809218 -0.362434092 0.071034730 0.000678794 0.997473612 32.637093828
0.997196182 -0.014626973 -0.073388185 -1.740656397 0.014465462 0.999891638 -0.002731840 -0.369044866 0.073420191 0.001662587 0.997299710 33.625486357
0.997158951 -0.014476966 -0.073921883 -1.826476594 0.014407231 0.999895120 -0.001476532 -0.379352424 0.073935505 0.000407327 0.997262942 34.616478773
0.997113736 -0.011360230 -0.075067588 -1.913738722 0.011474993 0.999933558 0.001097647 -0.386416116 0.075050131 -0.001955879 0.997177844 35.611763875
0.996974260 -0.011542018 -0.076870710 -1.974318547 0.011788334 0.999926730 0.002751293 -0.402766484 0.076833323 -0.003649145 0.997037273 36.588536995
0.996933505 -0.010061863 -0.077603772 -2.057127239 0.010465590 0.999933726 0.004797463 -0.404583427 0.077550357 -0.005594921 0.996972737 37.615019001
0.996920870 -0.010469717 -0.077712060 -2.128922852 0.011096067 0.999909307 0.007632450 -0.405161732 0.077625103 -0.008471247 0.996946629 38.604605554
0.996980395 -0.004461650 -0.077525382 -2.239441125 0.005248874 0.999936686 0.009953599 -0.410013108 0.077476064 -0.010330464 0.996940691 39.602409341
0.996996992 -0.004394615 -0.077315491 -2.326815141 0.005155429 0.999940210 0.009643533 -0.421571169 0.077268489 -0.010013168 0.996960038 40.578641150
0.996949873 -0.004247676 -0.077928867 -2.383451628 0.004870923 0.999957644 0.007809299 -0.421276583 0.077892395 -0.008165065 0.996928336 41.550544912
0.997101997 -0.002385962 -0.076038897 -2.504149980 0.002811081 0.999981010 0.005484264 -0.423885634 0.076024367 -0.005682122 0.997089770 42.535693889
0.997008486 -0.002295026 -0.077258090 -2.582140946 0.002725096 0.999981372 0.005461699 -0.436178898 0.077244116 -0.005655896 0.996996167 43.545044186
0.996911066 -0.003903773 -0.078441619 -2.664728783 0.004438048 0.999968120 0.006637943 -0.444891712 0.078413206 -0.006965567 0.996896610 44.527705438
0.996905980 -0.003543842 -0.078523292 -2.774688398 0.004131274 0.999964676 0.007319798 -0.444598710 0.078494578 -0.007621552 0.996885406 45.521670475
0.996951641 -0.000980835 -0.078015785 -2.886478837 0.001268788 0.999992565 0.003641471 -0.452268198 0.078011633 -0.003729356 0.996945473 46.516910439
0.996971465 -0.000418228 -0.077767105 -2.977898440 0.000384557 0.999999826 -0.000447944 -0.463210540 0.077767279 0.000416681 0.996971452 47.494069552
0.996947569 0.000939400 -0.078068320 -3.063196246 -0.001072262 0.999998047 -0.001659967 -0.473824925 0.078066608 0.001738609 0.996946629 48.448821850
0.996914727 -0.000202974 -0.078491950 -3.141066473 0.000339725 0.999998448 0.001728876 -0.487863124 0.078491478 -0.001750207 0.996913248 49.423833250
0.996918724 -0.002438702 -0.078403516 -3.229606962 0.002851220 0.999982674 0.005149967 -0.497957386 0.078389599 -0.005357644 0.996908404 50.373784543
0.996854177 -0.004513236 -0.079128891 -3.301332662 0.005005008 0.999969369 0.006017594 -0.512209771 0.079099308 -0.006394704 0.996846230 51.348494873
0.996808711 -0.008106267 -0.079414627 -3.359181633 0.008534988 0.999950771 0.005060558 -0.524586140 0.079369695 -0.005722211 0.996828826 52.293674373
0.996746868 -0.010651665 -0.079888820 -3.436318670 0.010990726 0.999932358 0.003805634 -0.534475611 0.079842880 -0.004671290 0.996796516 53.251437309
0.996610381 -0.012157407 -0.081363044 -3.508573583 0.012610307 0.999907710 0.005054844 -0.543742497 0.081294081 -0.006063723 0.996671713 54.202901644
0.996483568 -0.015283667 -0.082382696 -3.595287712 0.016092365 0.999828539 0.009161287 -0.549836131 0.082228553 -0.010454804 0.996558660 55.163523578
0.996422673 -0.016292664 -0.082924092 -3.680810927 0.017519785 0.999747204 0.014091991 -0.550145505 0.082673533 -0.015494392 0.996456226 56.116275277
0.996441323 -0.015072780 -0.082930704 -3.770344501 0.016446496 0.999738214 0.015906467 -0.544080934 0.082669239 -0.017213781 0.996428363 57.082862838
0.996324190 -0.013827705 -0.084539360 -3.851647427 0.014875356 0.999820019 0.011775115 -0.545622722 0.084361321 -0.012989385 0.996350562 58.021366804
0.996254053 -0.012478346 -0.085569574 -3.948959915 0.012856978 0.999909837 0.003875160 -0.547080372 0.085513503 -0.004960810 0.996324662 58.948739957
0.996146974 -0.011023494 -0.087003957 -4.018625313 0.010991660 0.999939233 -0.000844971 -0.558063116 0.087007985 -0.000114603 0.996207608 59.846415847
0.996120869 -0.006890335 -0.087725354 -4.121665669 0.006914779 0.999976092 -0.000025245 -0.561045849 0.087723431 -0.000581454 0.996144699 60.756800505
0.996084449 -0.004361317 -0.088299199 -4.221727381 0.004572408 0.999987152 0.002188500 -0.574314773 0.088288520 -0.002583671 0.996091593 61.649174172
0.996080893 -0.002158537 -0.088420558 -4.318610811 0.002458292 0.999991595 0.003281351 -0.579020360 0.088412732 -0.003485854 0.996077827 62.521376470
0.995946734 -0.001555252 -0.089931558 -4.395472666 0.001841511 0.999993499 0.003100187 -0.590491252 0.089926152 -0.003253231 0.995943123 63.388469495
0.995814319 0.000067288 -0.091399326 -4.482759124 0.000287397 0.999992480 0.003867448 -0.600453548 0.091398899 -0.003877528 0.995806812 64.245920002
0.995732554 0.001275426 -0.092277056 -4.581761471 -0.000882925 0.999990390 0.004294212 -0.610836127 0.092281646 -0.004194413 0.995724111 65.091114856
0.995580293 0.000834805 -0.093910505 -4.661063060 -0.000366046 0.999987390 0.005008674 -0.627403690 0.093913502 -0.004952161 0.995568044 65.898020003
0.995503543 0.000973031 -0.094719313 -4.761717743 -0.000433916 0.999983591 0.005712136 -0.631937642 0.094723317 -0.005645352 0.995487631 66.717755757
0.995415369 0.003643182 -0.095577040 -4.860537779 -0.002851666 0.999960513 0.008416722 -0.640877619 0.095603929 -0.008105580 0.995386452 67.508915026
0.995363889 0.005042412 -0.096048438 -4.956057882 -0.003851713 0.999913473 0.012578225 -0.651046514 0.096103552 -0.012149960 0.995297185 68.293642229
0.995199142 0.008071278 -0.097537282 -5.044552588 -0.006686090 0.999872223 0.014520144 -0.660511906 0.097642015 -0.013798292 0.995125944 69.066414734
0.995039784 0.010907209 -0.098878007 -5.129920429 -0.009938713 0.999897744 0.010282157 -0.666969759 0.098980046 -0.009248436 0.995046440 69.822686789
0.994898919 0.010711788 -0.100306519 -5.208477989 -0.010454571 0.999940576 0.003089629 -0.678226605 0.100333654 -0.002025207 0.994951786 70.548588657
0.994740627 0.009494503 -0.101985001 -5.279727677 -0.009833354 0.999947674 -0.002820317 -0.685393343 0.101952887 0.003808338 0.994781939 71.258189907
0.994646124 0.010739033 -0.102780161 -5.349526002 -0.011220112 0.999928632 -0.004103654 -0.694806610 0.102728757 0.005234888 0.994695631 71.957422240
0.994539191 0.013869596 -0.103438055 -5.425789524 -0.013991576 0.999902010 -0.000453737 -0.709733768 0.103421626 0.001898521 0.994635794 72.629121872
0.994417495 0.013549339 -0.104643497 -5.517278918 -0.013463513 0.999908198 0.001526535 -0.717743141 0.104654574 -0.000109144 0.994508627 73.303415055
0.994314905 0.010241864 -0.105985721 -5.578249262 -0.010464594 0.999944050 -0.001545598 -0.734247297 0.105963961 0.002645908 0.994366451 73.916403508
0.994360207 0.001903069 -0.106038468 -5.637399412 -0.002629788 0.999974003 -0.006713955 -0.746567785 0.106022934 0.006954948 0.994339362 74.531544384
0.994561758 -0.002004184 -0.104129209 -5.692819691 0.000770251 0.999929028 -0.011888878 -0.753259461 0.104145646 0.011744018 0.994492716 75.102802165
0.994881823 0.000501507 -0.101044079 -5.759184510 -0.001740421 0.999924387 -0.012173342 -0.764142216 0.101030334 0.012286896 0.994807471 75.692740540
0.995280793 0.005536666 -0.096878735 -5.827552031 -0.006470890 0.999935521 -0.009331700 -0.774548152 0.096820822 0.009914553 0.995252445 76.266130220
0.995735255 0.003982515 -0.092170722 -5.882046007 -0.004586785 0.999969350 -0.006345086 -0.785256728 0.092142628 0.006740793 0.995723003 76.832842064
0.996251388 0.000210151 -0.086505073 -5.921777526 -0.000384063 0.999997939 -0.001993782 -0.799941069 0.086504476 0.002019531 0.996249415 77.370952224
0.996887818 -0.004259135 -0.078718090 -5.946908125 0.004393624 0.999989169 0.001535369 -0.814650877 0.078710698 -0.001876448 0.996895734 77.904109772
0.997674889 -0.000504963 -0.068151017 -5.977808787 0.000612689 0.999998596 0.001559801 -0.827010427 0.068150133 -0.001597930 0.997673797 78.415595530
0.998585717 0.004776963 -0.052950410 -6.010471099 -0.004735782 0.999988378 0.000903162 -0.831081689 0.052954109 -0.000651123 0.998596735 78.917573144
0.999353478 0.009818964 -0.034586323 -6.030828991 -0.009769231 0.999950989 0.001606633 -0.838756938 0.034600403 -0.001267713 0.999400423 79.404151845
0.999889961 0.008022684 -0.012478101 -6.025911467 -0.007992592 0.999965034 0.002459629 -0.845848399 0.012497398 -0.002359626 0.999919120 79.880492719
0.999891932 0.004483586 0.014000802 -6.003603078 -0.004541585 0.999981227 0.004113455 -0.861521063 -0.013982096 -0.004176596 0.999893523 80.355187054
0.999020490 0.003257404 0.044129927 -5.966570361 -0.003514245 0.999977329 0.005743780 -0.868457322 -0.044110216 -0.005893237 0.999009289 80.814985530
0.996992721 0.003121480 0.077432360 -5.912852934 -0.003705617 0.999965744 0.007401296 -0.875521488 -0.077406605 -0.007665973 0.996970135 81.270053080
0.993350406 0.003231967 0.115084857 -5.838744251 -0.004193839 0.999958264 0.008116792 -0.880126693 -0.115053821 -0.008545466 0.993322502 81.716543901
0.987640229 0.003289565 0.156703407 -5.740617387 -0.004656876 0.999954218 0.008359128 -0.885726021 -0.156668735 -0.008985560 0.987610332 82.157076399
0.979356753 0.003162011 0.202114702 -5.629025525 -0.005029411 0.999949276 0.008726417 -0.892606912 -0.202076857 -0.009562793 0.979322979 82.579331001
0.967921718 0.005205306 0.251198034 -5.496176361 -0.007274870 0.999946812 0.007310868 -0.905504479 -0.251146618 -0.008903780 0.967908105 82.976531665
0.952654040 0.006092010 0.303995340 -5.336007409 -0.007965076 0.999956166 0.004921849 -0.915552876 -0.303952031 -0.007110166 0.952660805 83.359581421
0.933027235 0.006307225 0.359750466 -5.157503711 -0.007858357 0.999965063 0.002849353 -0.917856833 -0.359719926 -0.005485572 0.933044202 83.728726982
0.908774664 0.006869563 0.417230654 -4.950760995 -0.008020969 0.999967325 0.001006435 -0.919185838 -0.417210107 -0.004261217 0.908800071 84.095629151
0.879941933 0.006233530 0.475040353 -4.731517144 -0.007253447 0.999973644 0.000314176 -0.934980284 -0.475025874 -0.003722137 0.879963956 84.412032009
0.846241708 0.004514740 0.532780056 -4.494771883 -0.004668992 0.999988541 -0.001057832 -0.945353467 -0.532778727 -0.001592364 0.846253090 84.725828853
0.809278593 0.004501657 0.587407775 -4.232120069 -0.004016673 0.999989665 -0.002129701 -0.950271027 -0.587411292 -0.000635904 0.809288311 85.019500953
0.769002848 0.003100038 0.639237835 -3.967499552 -0.003768890 0.999992848 -0.000315577 -0.963043110 -0.639234241 -0.002166538 0.769009032 85.288256883
0.727684199 0.002799767 0.685906603 -3.657262560 -0.005035803 0.999986526 0.001260733 -0.960450724 -0.685893831 -0.004371506 0.727688493 85.528015543
0.683225455 0.002056921 0.730204593 -3.344012613 -0.004700110 0.999987705 0.001580844 -0.961120629 -0.730192363 -0.004512115 0.683226722 85.750163340
0.638415986 0.000168584 0.769691497 -3.004587324 -0.000432160 0.999999897 0.000139424 -0.962456168 -0.769691394 -0.000421640 0.638415993 85.940885602
0.592615396 -0.002858478 0.805480491 -2.667498860 0.005514282 0.999984667 -0.000508286 -0.968190226 -0.805466688 0.004742865 0.592622072 86.114140412
0.546676780 -0.001155777 0.837342918 -2.321449864 0.003905182 0.999991691 -0.001169299 -0.976024902 -0.837334610 0.003909205 0.546676751 86.286656340
0.499603023 0.001822288 0.866252560 -1.954563050 0.001742066 0.999993652 -0.003108352 -0.966601164 -0.866252725 0.003062011 0.499596677 86.468554661
0.453999020 0.004533228 0.890990651 -1.607612756 0.000687204 0.999984978 -0.005437936 -0.968461438 -0.891001918 0.003081110 0.453989085 86.614611310
0.411376551 0.001676043 0.911463945 -1.248906402 0.007731554 0.999955915 -0.005328296 -0.976032264 -0.911432694 0.009238968 0.411345458 86.735076734
0.372175566 -0.006299369 0.928140973 -0.880217602 0.022137692 0.999752743 -0.002091596 -0.984328561 -0.927898308 0.021325340 0.372222997 86.823379805
0.336641136 -0.010207270 0.941577696 -0.523035902 0.026079754 0.999658721 0.001512641 -0.988661864 -0.941271795 0.024046898 0.336792450 86.916433555
0.303100970 -0.006196650 0.952938300 -0.148354668 0.022979629 0.999735607 -0.000808170 -0.992846339 -0.952681342 0.022143126 0.303163229 87.017716316
0.272271094 0.001252301 0.962219769 0.221339408 0.012042992 0.999916392 -0.004709064 -1.007261858 -0.962145217 0.012870147 0.272233248 87.120625248
0.243759447 0.005533707 0.969819937 0.611054140 0.008334342 0.999934845 -0.007800336 -1.015548112 -0.969799913 0.009984216 0.243697445 87.214760816
0.218029454 0.007363645 0.975914409 1.011607065 0.009372761 0.999909620 -0.009638671 -1.027121025 -0.975897181 0.011248527 0.217940731 87.288022818
0.194237609 0.008627223 0.980916573 1.426115362 0.016393751 0.999793127 -0.012039476 -1.037027578 -0.980817514 0.018419421 0.194055993 87.351031919
0.173808995 0.015031892 0.984664651 1.832818293 0.023669166 0.999530880 -0.019436824 -1.027073794 -0.984494898 0.026684486 0.173371666 87.394637366
0.153873458 0.021734127 0.987851500 2.251789048 0.025654403 0.999333150 -0.025982817 -1.024259836 -0.987757465 0.029340807 0.153213272 87.444374428
0.136104307 0.022543644 0.990437985 2.694768785 0.023129447 0.999396255 -0.025925955 -1.033913322 -0.990424478 0.026436917 0.135500713 87.503010642
0.120533205 0.018101897 0.992544240 3.148676182 0.020561064 0.999573726 -0.020727007 -1.055985291 -0.992496342 0.022906058 0.120109631 87.551982533
0.105886378 0.014860309 0.994267190 3.607329569 0.021044807 0.999630885 -0.017181681 -1.070218972 -0.994155516 0.022743467 0.105534562 87.588792759
0.092746473 0.012232607 0.995614612 4.097227871 0.023703959 0.999614008 -0.014489887 -1.083061066 -0.995407562 0.024943894 0.092420712 87.620548619
0.081347077 0.011735425 0.996616743 4.592147585 0.027292237 0.999529493 -0.013997404 -1.088433413 -0.996312093 0.028338549 0.080988516 87.645927947
0.070499277 0.012367037 0.997435165 5.100633688 0.030161200 0.999439525 -0.014523699 -1.102982315 -0.997055743 0.031107752 0.070086760 87.680954570
0.062600483 0.012912623 0.997955131 5.625790309 0.031960726 0.999377522 -0.014935884 -1.113716726 -0.997526787 0.032830365 0.062148819 87.705558399
0.056776837 0.013253690 0.998298918 6.173311810 0.033317015 0.999329817 -0.015162235 -1.125983050 -0.997830831 0.034121204 0.056297213 87.738251128
0.050738948 0.014277464 0.998609890 6.736129058 0.034912630 0.999261309 -0.016060674 -1.138654527 -0.998101532 0.035678999 0.050203004 87.769248667
0.044729781 0.014771995 0.998889901 7.312968656 0.035492820 0.999235907 -0.016366462 -1.149217600 -0.998368422 0.036185488 0.044171303 87.789392211
0.040340013 0.014992202 0.999073529 7.922118943 0.037748875 0.999150736 -0.016517563 -1.158619807 -0.998472687 0.038380220 0.039739815 87.812360132
0.037598811 0.015063603 0.999179372 8.552021437 0.039452669 0.999084427 -0.016546763 -1.170314641 -0.998513804 0.040042432 0.036970087 87.829248390
0.034228896 0.014639832 0.999306789 9.188028905 0.040397949 0.999055238 -0.016019883 -1.182673311 -0.998597210 0.040918288 0.033605139 87.849159177
0.032000522 0.013902306 0.999391161 9.846882851 0.042627355 0.998974473 -0.015261438 -1.197604361 -0.998578427 0.043089776 0.031375086 87.865071680
0.031209841 0.013644506 0.999419718 10.518219915 0.047378973 0.998762618 -0.015115083 -1.210056210 -0.998389292 0.047823219 0.030524760 87.884176069
0.032134352 0.013378378 0.999394018 11.197669956 0.050377819 0.998617765 -0.014987827 -1.224284273 -0.998213133 0.050828915 0.031415961 87.908123680
0.034473814 0.013191167 0.999318542 11.890083119 0.052350467 0.998516316 -0.014986528 -1.240383508 -0.998033559 0.052831435 0.033732102 87.935330774
0.038824588 0.014732373 0.999137432 12.664364770 0.054372289 0.998378821 -0.016833992 -1.220736099 -0.997765657 0.054978962 0.037960614 87.918589274
0.043154885 0.014495754 0.998963227 13.409044229 0.054575982 0.998367525 -0.016844775 -1.233728895 -0.997576623 0.055246334 0.042293315 87.955079960
0.047529209 0.012916769 0.998786329 14.176616119 0.056221470 0.998296663 -0.015585845 -1.249197356 -0.997286378 0.056894018 0.046722051 87.988438068
0.051341792 0.011415308 0.998615898 14.944505718 0.056034607 0.998326518 -0.014292904 -1.265761956 -0.997107889 0.056690873 0.050616220 88.039687112
0.054717497 0.009005224 0.998461267 15.734316138 0.052989393 0.998524052 -0.011909706 -1.290737421 -0.997094840 0.053559526 0.054159556 88.107981165
0.059100569 0.008245505 0.998217979 16.534003110 0.051928856 0.998586592 -0.011323054 -1.300046180 -0.996900455 0.052505516 0.058588856 88.161113554
0.062561064 0.009308897 0.997997724 17.337900093 0.048365476 0.998753379 -0.012347812 -1.320475929 -0.996868544 0.049041127 0.062032845 88.234705311
0.065146615 0.013270918 0.997787453 18.116814475 0.046973205 0.998762318 -0.016350815 -1.344026258 -0.996769500 0.047934475 0.064442607 88.270176558
0.066794854 0.018529206 0.997594665 18.916452216 0.041071219 0.998929075 -0.021303952 -1.366105749 -0.996921061 0.042395424 0.065962305 88.325343595
0.066795321 0.021892918 0.997526483 19.726823714 0.038254321 0.998967986 -0.024486100 -1.386116615 -0.997033095 0.039795255 0.065888889 88.387173508
0.066713885 0.021410089 0.997542413 20.538377006 0.036003611 0.999067008 -0.023850669 -1.413239695 -0.997122358 0.037506300 0.065880801 88.453556552
0.066674895 0.019531853 0.997583563 21.345771832 0.033040372 0.999216847 -0.021772131 -1.449485778 -0.997227553 0.034412187 0.065977339 88.518980549
0.066453460 0.018706754 0.997614151 22.162357884 0.034166566 0.999195240 -0.021012318 -1.467584919 -0.997204384 0.035481391 0.065760836 88.582706067
0.066806616 0.018102566 0.997601711 22.977288488 0.031462971 0.999299959 -0.020240371 -1.493205536 -0.997269752 0.032739704 0.066190289 88.651842011
0.066584724 0.018336467 0.997612274 23.803062746 0.030143631 0.999337787 -0.020380091 -1.523292197 -0.997325341 0.031428659 0.065987903 88.722233132
0.066513203 0.018748263 0.997609391 24.603842489 0.027523941 0.999408508 -0.020617167 -1.549980547 -0.997405848 0.028829456 0.065957835 88.788230185
0.065125538 0.020088310 0.997674859 25.408501027 0.023783158 0.999482096 -0.021677199 -1.586502638 -0.997593618 0.025139598 0.064614045 88.826444742
0.062403792 0.019701150 0.997856518 26.233515001 0.020855295 0.999561111 -0.021039050 -1.612051110 -0.997833064 0.022123509 0.061965530 88.890595254
0.058585502 0.018604717 0.998109014 27.056556595 0.018110241 0.999641973 -0.019696299 -1.638216207 -0.998118108 0.019229912 0.058227591 88.946380542
0.053846852 0.016208043 0.998417656 27.869309170 0.016599860 0.999715560 -0.017124380 -1.665099089 -0.998411218 0.017495687 0.053562484 88.993231403
0.047698168 0.014063955 0.998762780 28.692435317 0.014579536 0.999784551 -0.014774622 -1.692357476 -0.998755386 0.015266221 0.047482845 89.037402738
0.039955748 0.014521058 0.999095930 29.486988402 0.013927489 0.999789165 -0.015088120 -1.719512574 -0.999104381 0.014517754 0.039745082 89.066256601
0.031026931 0.015546411 0.999397638 30.291154109 0.013477736 0.999781618 -0.015970809 -1.742300466 -0.999427676 0.013965142 0.030810625 89.096359213
0.021086085 0.016116524 0.999647755 31.097462561 0.013873200 0.999769078 -0.016411114 -1.762493409 -0.999681405 0.014214360 0.020857628 89.114226318
0.010758520 0.015242685 0.999825942 31.905468391 0.014871118 0.999770790 -0.015401864 -1.783317053 -0.999831538 0.015034231 0.010529378 89.124087116
-0.000044663 0.014081041 0.999900856 32.705964632 0.013127585 0.999814704 -0.014079241 -1.811432385 -0.999913829 0.013125655 -0.000229504 89.125463160
-0.011166746 0.013423766 0.999847542 33.501765506 0.014135595 0.999812089 -0.013265417 -1.840234299 -0.999837731 0.013985308 -0.011354400 89.118366354
-0.022490772 0.013918409 0.999650160 34.292928559 0.014074840 0.999808397 -0.013603948 -1.861451560 -0.999647970 0.013763953 -0.022682362 89.104874408
-0.033442637 0.014574259 0.999334369 35.073550201 0.014590907 0.999794230 -0.014092682 -1.885316372 -0.999334126 0.014109899 -0.033648407 89.076454580
-0.044357784 0.015713539 0.998892122 35.846761637 0.014588951 0.999779859 -0.015079652 -1.903199274 -0.998909180 0.013903888 -0.044577263 89.053366825
-0.054334899 0.017200339 0.998374613 36.619946323 0.014969690 0.999753290 -0.016409391 -1.921275705 -0.998410550 0.014053756 -0.054578977 89.012922277
-0.064067040 0.018271350 0.997778318 37.393838618 0.016008443 0.999722544 -0.017279055 -1.938589845 -0.997817190 0.014865860 -0.064341760 88.970138451
-0.073105551 0.018434037 0.997153832 38.142373925 0.016476295 0.999715039 -0.017273439 -1.969443109 -0.997188102 0.015166617 -0.073388444 88.899310530
-0.083013357 0.018807182 0.996370951 38.890796665 0.017201970 0.999699980 -0.017436825 -1.993725996 -0.996399957 0.015692054 -0.083311972 88.845322780
-0.092130661 0.018367428 0.995577510 39.643787978 0.018225349 0.999693476 -0.016756791 -2.015274300 -0.995580121 0.016600934 -0.092437174 88.788878819
-0.100906475 0.017855425 0.994735677 40.373274189 0.020371712 0.999666395 -0.015877415 -2.023807266 -0.994687326 0.018662335 -0.101236558 88.724895876
-0.106294462 0.016324448 0.994200684 41.094207822 0.023201013 0.999633723 -0.013933132 -2.044908791 -0.994063982 0.021585449 -0.106634273 88.645424926
-0.110295947 0.014717055 0.993789823 41.801900535 0.026421899 0.999580401 -0.011870369 -2.065076370 -0.993547526 0.024948561 -0.110638520 88.564980686
-0.113401073 0.013757823 0.993454035 42.506963209 0.027828427 0.999555812 -0.010665756 -2.083846117 -0.993159491 0.026436755 -0.113733561 88.494393671
-0.115215417 0.012805510 0.993257986 43.191520927 0.027830155 0.999566003 -0.009658608 -2.104659834 -0.992950598 0.026529703 -0.115521794 88.417598031
-0.115990168 0.012952675 0.993165902 43.854158447 0.028580151 0.999544458 -0.009698035 -2.129516034 -0.992839089 0.027259955 -0.116307519 88.342079001
-0.115340022 0.014086323 0.993226185 44.521066378 0.029462677 0.999508030 -0.010754012 -2.145781786 -0.992889032 0.028022735 -0.115698299 88.279289689
-0.113196455 0.015875671 0.993445784 45.154173106 0.029792017 0.999476985 -0.012577452 -2.163793104 -0.993125872 0.028173031 -0.113610220 88.199021352
-0.108147077 0.016194228 0.994002996 45.767927815 0.029353733 0.999483374 -0.013089841 -2.185871517 -0.993701448 0.027762070 -0.108566566 88.137258231
-0.100222697 0.016867300 0.994822047 46.376400228 0.028976133 0.999481677 -0.014027123 -2.206929973 -0.994543008 0.027420260 -0.100659499 88.087869400
-0.089326429 0.016719769 0.995862058 46.941091504 0.028038892 0.999505030 -0.014265911 -2.229765478 -0.995607659 0.026648546 -0.089751019 88.048942965
-0.076036985 0.016611274 0.996966621 47.499378650 0.026795273 0.999534166 -0.014610424 -2.257876001 -0.996744897 0.025603060 -0.076446668 88.022903060
-0.059400496 0.018239315 0.998067587 48.042764781 0.026049600 0.999520890 -0.016715519 -2.272060246 -0.997894283 0.025006351 -0.059847164 88.014388420
-0.038189088 0.020820675 0.999053599 48.579499926 0.024491336 0.999502081 -0.019893834 -2.290560031 -0.998970354 0.023708430 -0.038679999 88.008251055
-0.013438066 0.023529446 0.999632824 49.109423084 0.022722899 0.999472107 -0.023220199 -2.314399749 -0.999651483 0.022402521 -0.013965629 88.016153353
0.013849655 0.025434247 0.999580555 49.622908487 0.020911848 0.999450420 -0.025720679 -2.330532727 -0.999685391 0.021259299 0.013310166 88.042146821
0.047385018 0.024835983 0.998567892 50.131495974 0.018646180 0.999494659 -0.025743850 -2.351150363 -0.998702648 0.019839349 0.046897977 88.080329348
0.085881732 0.022371875 0.996054129 50.635477013 0.017635595 0.999557087 -0.023971129 -2.369650136 -0.996149243 0.019624689 0.085449152 88.140107301
0.128165561 0.018971650 0.991571311 51.137713350 0.015676518 0.999653348 -0.021152552 -2.383059448 -0.991628880 0.018255414 0.127823723 88.229016280
0.173506946 0.014714480 0.984722714 51.634489487 0.013452030 0.999759685 -0.017309405 -2.401002938 -0.984740769 0.016249822 0.173267310 88.341187801
0.222374310 0.011032693 0.974898941 52.110626456 0.008875073 0.999871634 -0.013339705 -2.425677873 -0.974920971 0.011618707 0.222247848 88.477186176
0.273535169 0.009915809 0.961810890 52.589404187 0.005508847 0.999914311 -0.011875331 -2.436086201 -0.961846227 0.008546789 0.273457105 88.639317760
0.328716501 0.009656825 0.944379271 53.044978950 0.005040668 0.999915541 -0.011979255 -2.448556345 -0.944415192 0.008698081 0.328640061 88.826857839
0.387712338 0.009732350 0.921729041 53.499012515 0.007486233 0.999878037 -0.013706488 -2.464950717 -0.921750020 0.012214453 0.387592193 89.034325912
0.448811696 0.013470073 0.893524828 53.935872783 0.007971897 0.999786251 -0.019076218 -2.476002712 -0.893590796 0.015684718 0.448608381 89.252187798
0.509642379 0.016436585 0.860229321 54.341520307 0.009496489 0.999649142 -0.024726699 -2.491055348 -0.860333925 0.020770932 0.509307477 89.510358969
0.568096354 0.021102733 0.822691441 54.718475589 0.005485380 0.999551875 -0.029427194 -2.500257742 -0.822943766 0.021230257 0.567726020 89.808487615
0.623113378 0.024668273 0.781742409 55.085531709 0.001402166 0.999465658 -0.032656281 -2.507579644 -0.782130265 0.021444698 0.622745834 90.151827098
0.676422493 0.025158355 0.736084009 55.410369527 0.000396993 0.999403822 -0.034523085 -2.523170086 -0.736513715 0.023644411 0.676009237 90.495414132
0.725581788 0.024588369 0.687696503 55.720616397 -0.001115612 0.999402132 -0.034556233 -2.531478413 -0.688135033 0.024306171 0.725175417 90.866153959
0.770343771 0.021393596 0.637269792 55.999043737 -0.003399865 0.999560587 -0.029446132 -2.546804840 -0.637619726 0.020517013 0.770078007 91.260906133
0.811710989 0.016218200 0.583834086 56.242911070 -0.003691055 0.999736874 -0.022639758 -2.561765187 -0.584047640 0.016221977 0.811557270 91.670435861
0.847881802 0.014542296 0.529985822 56.456550335 -0.006614480 0.999836107 -0.016852555 -2.568198824 -0.530144036 0.010783394 0.847839029 92.106475069
0.878756207 0.011317237 0.477136719 56.644663910 -0.007461394 0.999922407 -0.009975363 -2.576177425 -0.477212590 0.005205806 0.878772464 92.548464736
0.903969534 0.012725427 0.427407469 56.808569864 -0.012031081 0.999918269 -0.004325278 -2.590236625 -0.427427577 -0.001232255 0.904048753 92.992991606
0.924203470 0.014882317 0.381610355 56.949431597 -0.015786014 0.999875102 -0.000762478 -2.601515817 -0.381574040 -0.005319422 0.924322972 93.446017013
0.939476360 0.021335596 0.341948771 57.072524688 -0.023356003 0.999725606 0.001791704 -2.606572733 -0.341816715 -0.009669820 0.939716887 93.915590477
0.951398997 0.025531133 0.306900816 57.190766774 -0.027031292 0.999634384 0.000637815 -2.607120344 -0.306772324 -0.008902742 0.951741290 94.379990107
0.960827458 0.026959755 0.275832862 57.307775927 -0.028163418 0.999603251 0.000402877 -2.605508274 -0.275712564 -0.008155491 0.961205530 94.853773410
0.966930048 0.021260907 0.254154001 57.437763812 -0.022091350 0.999755871 0.000413426 -2.605584151 -0.254083165 -0.006014359 0.967163674 95.341396440
0.970985335 0.018796866 0.238399157 57.552114813 -0.019596312 0.999807490 0.000983577 -2.613060553 -0.238334774 -0.005626784 0.971166759 95.828072365
0.973904980 0.023047450 0.225782871 57.649258176 -0.023803849 0.999716451 0.000627913 -2.616649863 -0.225704379 -0.005986029 0.974177448 96.327134918
0.975992635 0.028447526 0.215937756 57.754253081 -0.029294918 0.999570550 0.000723892 -2.613708016 -0.215824428 -0.007032393 0.976406863 96.842366004
0.977118690 0.035594849 0.209695188 57.849593658 -0.036273812 0.999341703 -0.000608488 -2.615568946 -0.209578805 -0.007011879 0.977766617 97.354641974
0.977592117 0.041254292 0.206426101 57.954519798 -0.041234082 0.999139816 -0.004402023 -2.619027976 -0.206430139 -0.004208408 0.978452292 97.876316932
0.977404151 0.043931858 0.206763434 58.041853953 -0.043449409 0.999031966 -0.006875962 -2.635848690 -0.206865354 -0.002263156 0.978366804 98.465541338
0.976793186 0.042655807 0.209894148 58.168437897 -0.041426026 0.999088953 -0.010254151 -2.647851129 -0.210140324 0.001321105 0.977670343 99.022699366
0.976055690 0.041246991 0.213574286 58.295598392 -0.038559432 0.999116147 -0.016736015 -2.652854748 -0.214075828 0.008099979 0.976783461 99.556498480
0.975138859 0.041358124 0.217700969 58.420254758 -0.037581307 0.999063067 -0.021462383 -2.661213947 -0.218384642 0.012747316 0.975779511 100.130915922
0.973990154 0.045896424 0.221893439 58.540249802 -0.042310924 0.998886121 -0.020887855 -2.676922541 -0.222604955 0.010956049 0.974847167 100.703296273
0.972448978 0.048825697 0.227945249 58.670575951 -0.046177597 0.998789612 -0.016939339 -2.690377254 -0.228496422 0.005946679 0.973526590 101.318649850
0.971531790 0.045224704 0.232552590 58.818138305 -0.043545188 0.998975080 -0.012353412 -2.704613962 -0.232872922 0.001875187 0.972505365 101.922831072
0.970859987 0.040747530 0.236157838 58.984168314 -0.040348354 0.999164370 -0.006524779 -2.725354560 -0.236226366 -0.003193933 0.971692803 102.552668086
0.969884882 0.038848293 0.240445683 59.142412205 -0.039563498 0.999215338 -0.001853938 -2.732579937 -0.240329037 -0.007714765 0.970660825 103.177159819
0.969350625 0.034310124 0.243273883 59.303468312 -0.035037210 0.999385112 -0.001338759 -2.737876222 -0.243170230 -0.007225911 0.969956713 103.812804127
0.969428759 0.030827939 0.243428674 59.467443775 -0.030697575 0.999519340 -0.004329849 -2.749295356 -0.243445148 -0.003275190 0.969909136 104.451090910
0.969557337 0.030000481 0.243019632 59.625913400 -0.028133816 0.999541991 -0.011148863 -2.762742751 -0.243242798 0.003972393 0.969957299 105.088299343
0.969728957 0.031851038 0.242097626 59.788121156 -0.028459809 0.999441865 -0.017492776 -2.779286618 -0.242519666 0.010073199 0.970094192 105.749805467
0.970378460 0.033855216 0.239205913 59.950252573 -0.029680495 0.999338097 -0.021034156 -2.796774118 -0.239759698 0.013311342 0.970741003 106.423027740
0.970915670 0.032570325 0.237195987 60.120103417 -0.029477091 0.999427994 -0.016576696 -2.804905768 -0.237600217 0.009102727 0.971320378 107.115140568
0.971412011 0.028464091 0.235687294 60.293144459 -0.027065475 0.999591622 -0.009167825 -2.817191275 -0.235851998 0.002526747 0.971785702 107.826659355
0.972105068 0.028590599 0.232796722 60.466818620 -0.028699194 0.999583825 -0.002921295 -2.837703421 -0.232783360 -0.003841273 0.972521029 108.531357298
0.972456719 0.032391344 0.230821859 60.628038902 -0.032401138 0.999467913 -0.003749231 -2.844318297 -0.230820484 -0.003832925 0.972988804 109.254280478
0.972789731 0.037602619 0.228617982 60.794476001 -0.036707316 0.999292672 -0.008168741 -2.860067421 -0.228763440 -0.000445485 0.973481941 109.999556592
0.973666704 0.038381016 0.224722154 60.982025584 -0.036227969 0.999249668 -0.013698027 -2.861828769 -0.225079282 0.005196085 0.974326597 110.776208949
0.974660994 0.036875407 0.220626726 61.148994324 -0.034096608 0.999284116 -0.016391367 -2.876983109 -0.221073221 0.008453403 0.975220576 111.529537762
0.975698059 0.034557952 0.216377092 61.323417817 -0.032057505 0.999372616 -0.015056241 -2.888388186 -0.216761653 0.007753835 0.976193763 112.300538203
0.976653098 0.030631618 0.212627446 61.507481381 -0.028451552 0.999506609 -0.013305939 -2.899613074 -0.212930120 0.006945706 0.977042743 113.093594039
0.977267239 0.028903769 0.210031700 61.689281879 -0.027310761 0.999572037 -0.010481690 -2.916743917 -0.210244774 0.004507286 0.977638389 113.867882816
0.977737620 0.025754935 0.208244640 61.864756735 -0.024631113 0.999664691 -0.007988364 -2.934866256 -0.208380554 0.002681227 0.978044148 114.658726449
0.977830125 0.020048427 0.208437779 62.044955230 -0.019086173 0.999795880 -0.006626919 -2.944671426 -0.208528092 0.002501721 0.978013178 115.445787528
0.977937090 0.020853958 0.207856107 62.209223344 -0.020236848 0.999782231 -0.005095125 -2.955329454 -0.207917096 0.000776359 0.978146144 116.258295975
0.977689574 0.026170168 0.208418377 62.366127471 -0.025262951 0.999656234 -0.007014002 -2.970342661 -0.208530288 0.001592253 0.978014613 117.070213887
0.977350405 0.031699296 0.209239910 62.520250965 -0.030197874 0.999490175 -0.010367193 -2.983575694 -0.209461867 0.003813780 0.977809379 117.890425996
0.976855401 0.040401897 0.210050498 62.679078565 -0.038716336 0.999176589 -0.012132169 -2.997933777 -0.210367703 0.003718989 0.977615261 118.711265539
0.976085314 0.045993677 0.212466564 62.857627618 -0.044568289 0.998940195 -0.011495836 -3.018911335 -0.212770127 0.001751645 0.977100714 119.521824208
0.975354130 0.047910472 0.215380846 63.060548667 -0.046979151 0.998851222 -0.009444315 -3.040719440 -0.215585902 -0.000906857 0.976484458 120.367196871
0.974806275 0.048577670 0.217699186 63.246076499 -0.047485152 0.998819348 -0.010250349 -3.061052241 -0.217940097 -0.000345375 0.975962087 121.205660146
0.974463234 0.047049004 0.219562741 63.431881178 -0.045327676 0.998889218 -0.012873720 -3.082253547 -0.219924550 0.002592698 0.975513439 122.044213810
0.974491708 0.040816121 0.220680666 63.630170212 -0.039261948 0.999163621 -0.011426197 -3.103754203 -0.220962466 0.002470381 0.975279184 122.884798172
0.974715361 0.034286681 0.220803960 63.828857076 -0.032288689 0.999398493 -0.012652743 -3.129865537 -0.221104966 0.005203353 0.975236135 123.709067859
0.974480853 0.033196619 0.222002367 64.023726813 -0.031139736 0.999433590 -0.012759954 -3.148596666 -0.222300210 0.005521236 0.974962631 124.571824891
0.974053606 0.035032594 0.223589556 64.221778696 -0.033677037 0.999383989 -0.009874229 -3.166484760 -0.223797742 0.002088194 0.974633372 125.422997896
0.973722283 0.037219804 0.224676661 64.405231482 -0.037228045 0.999297965 -0.004201136 -3.181598988 -0.224675296 -0.004273533 0.974424316 126.267171776
0.973287739 0.040993212 0.225899388 64.583158838 -0.042112847 0.999112851 0.000137550 -3.203239320 -0.225693343 -0.009647142 0.974150629 127.098892572
0.973064303 0.040251738 0.226992641 64.766590280 -0.039855100 0.999185405 -0.006332250 -3.221343745 -0.227062618 -0.002885127 0.973875887 127.918025786
0.973327274 0.036186600 0.226549216 64.955797525 -0.032388398 0.999265891 -0.020461443 -3.245812545 -0.227123335 0.012578114 0.973784772 128.722921311
