1.000000000 0.000000000 0.000000000 0.000000000 0.000000000 1.000000000 0.000000000 0.000000000 0.000000000 0.000000000 1.000000000 0.000000000
0.999996742 -0.002262303 -0.001182328 -0.013071401 0.002265490 0.999993786 0.002700837 -0.013715254 0.001176211 -0.002703507 0.999995654 1.532686112
0.999991797 -0.002963216 -0.002761389 -0.027353266 0.002972562 0.999989848 0.003386444 -0.029570958 0.002751326 -0.003394624 0.999990453 3.057012839
0.999991857 -0.002022735 -0.003491999 -0.070303618 0.002032398 0.999994110 0.002765848 -0.036463995 0.003486384 -0.002772923 0.999990078 4.569516604
0.999984799 -0.001461998 -0.005316381 -0.082562085 0.001475846 0.999995527 0.002601643 -0.054262335 0.005312553 -0.002609449 0.999982484 6.089210328
0.999976908 -0.001538416 -0.006619374 -0.108613325 0.001557476 0.999994654 0.002875109 -0.069647036 0.006614915 -0.002885352 0.999973958 7.593582595
0.999968275 -0.001700863 -0.007781814 -0.152829959 0.001722268 0.999994750 0.002744853 -0.068611423 0.007777105 -0.002758168 0.999965954 9.087909010
0.999947919 -0.003846792 -0.009453099 -0.188020200 0.003864927 0.999990724 0.001900940 -0.084411294 0.009445699 -0.001937377 0.999953512 10.596392483
0.999926722 -0.005868807 -0.010588132 -0.236800788 0.005893116 0.999980068 0.002266125 -0.094556651 0.010574622 -0.002328356 0.999941376 12.095284559
0.999913809 -0.005719338 -0.011817980 -0.267061561 0.005741590 0.999981806 0.001849799 -0.105939604 0.011807185 -0.001917494 0.999928454 13.582963022
0.999893780 -0.005174798 -0.013625349 -0.285253032 0.005203525 0.999984311 0.002073724 -0.126881922 0.013614404 -0.002144404 0.999905020 15.081010164
0.999889887 -0.003591000 -0.014398591 -0.314717482 0.003634310 0.999988947 0.002982879 -0.151103146 0.014387721 -0.003034879 0.999891886 16.568385786
0.999874077 -0.002099503 -0.015729671 -0.337144571 0.002160695 0.999990161 0.003874282 -0.169334595 0.015721382 -0.003907781 0.999868775 18.064643685
0.999858019 -0.001492373 -0.016784383 -0.361250075 0.001566682 0.999989027 0.004414988 -0.176020370 0.016777610 -0.004440657 0.999849385 19.557297546
0.999849726 -0.002322227 -0.017179432 -0.389620617 0.002392248 0.999988911 0.004056449 -0.186611734 0.017169822 -0.004096936 0.999844194 21.034313592
0.999843780 -0.001254753 -0.017630665 -0.424456799 0.001336912 0.999988299 0.004649038 -0.209130375 0.017624625 -0.004671882 0.999833759 22.485168182
0.999844719 -0.000926618 -0.017597732 -0.469483495 0.001015168 0.999986866 0.005023648 -0.218088076 0.017592846 -0.005040733 0.999832527 23.949628368
0.999843244 -0.000177837 -0.017704682 -0.500361964 0.000293122 0.999978772 0.006509178 -0.235370873 0.017703148 -0.006513347 0.999822072 25.378597885
0.999843785 0.000242325 -0.017673345 -0.541770926 -0.000153659 0.999987397 0.005018124 -0.247574486 0.017674338 -0.005014625 0.999831221 26.860820507
0.999850699 0.001021233 -0.017249249 -0.586932130 -0.000986650 0.999997487 0.002013297 -0.239025663 0.017251262 -0.001995977 0.999849194 28.294944056
0.999852429 -0.000908397 -0.017155026 -0.614658747 0.000932499 0.999998589 0.001397023 -0.248463492 0.017153733 -0.001412814 0.999851866 29.743192222
0.999861937 -0.001813215 -0.016517221 -0.666447755 0.001880591 0.999989971 0.004064535 -0.263477303 0.016509685 -0.004095036 0.999855320 31.157698402
0.999856313 -0.003273945 -0.016632358 -0.685644366 0.003371674 0.999977197 0.005851207 -0.293790931 0.016612822 -0.005906445 0.999844552 32.623338434
0.999854446 -0.004010409 -0.016583250 -0.711063378 0.004095646 0.999978561 0.005109190 -0.308116960 0.016562405 -0.005176366 0.999849435 34.044711346
0.999860790 -0.003771367 -0.016253547 -0.741638878 0.003829829 0.999986304 0.003567239 -0.327632887 0.016239871 -0.003628991 0.999861539 35.440505621
0.999882486 -0.002665469 -0.015096684 -0.784546351 0.002703721 0.999993185 0.002513959 -0.339161237 0.015089881 -0.002554480 0.999882878 36.863047295
0.999916353 -0.002823032 -0.012622111 -0.842573414 0.002847394 0.999994117 0.001912535 -0.372297333 0.012616638 -0.001948315 0.999918509 38.275557009
0.999934099 -0.001923867 -0.011317949 -0.869238904 0.001957208 0.999993776 0.002935509 -0.389409918 0.011312232 -0.002957467 0.999931641 39.641351676
0.999945713 -0.002027913 -0.010220532 -0.878558518 0.002075284 0.999987145 0.004626415 -0.403225209 0.010211019 -0.004647375 0.999937067 41.009368763
0.999962341 -0.001897886 -0.008468447 -0.900037180 0.001947913 0.999980679 0.005903129 -0.425778862 0.008457080 -0.005919403 0.999946718 42.345338074
0.999979566 -0.001049764 -0.006306042 -0.921743203 0.001088653 0.999980393 0.006166744 -0.431957900 0.006299445 -0.006173484 0.999961102 43.670510673
0.999991940 -0.001849023 -0.003563903 -0.907764041 0.001868787 0.999982851 0.005550192 -0.452253925 0.003553579 -0.005556808 0.999978247 44.958413996
0.999997120 -0.002399073 0.000068100 -0.920918962 0.002398802 0.999990180 0.003726279 -0.467037988 -0.000077039 -0.003726105 0.999993055 46.227458282
0.999989115 -0.002549884 0.003907337 -0.931116640 0.002543138 0.999995269 0.001730395 -0.479461852 -0.003911731 -0.001720439 0.999990869 47.485105465
0.999970763 -0.002109750 0.007349949 -0.915903354 0.002090989 0.999994539 0.002559209 -0.503384439 -0.007355308 -0.002543766 0.999969714 48.721406364
0.999918630 -0.001277673 0.012692583 -0.909100839 0.001244751 0.999995842 0.002601336 -0.523444835 -0.012695854 -0.002585325 0.999916062 49.955684964
0.999820511 0.000413290 0.018941351 -0.889683081 -0.000446415 0.999998379 0.001744599 -0.542494006 -0.018940599 -0.001752741 0.999819074 51.189290776
0.999661026 0.001205127 0.026007303 -0.852335144 -0.001248500 0.999997857 0.001651564 -0.551779728 -0.026005256 -0.001683474 0.999660389 52.404408560
0.999398511 0.002488739 0.034589335 -0.825860016 -0.002581341 0.999993203 0.002632775 -0.568716556 -0.034582548 -0.002720478 0.999398142 53.596972642
0.998993455 0.004176037 0.044661361 -0.777910242 -0.004333245 0.999984750 0.003423775 -0.589158346 -0.044646382 -0.003613858 0.998996317 54.764882550
0.998309406 0.005745371 0.057838754 -0.727744584 -0.005952564 0.999976467 0.003410605 -0.613163441 -0.057817798 -0.003749128 0.998320112 55.913604667
0.997317856 0.008021015 0.072751344 -0.662034484 -0.008320886 0.999958085 0.003819707 -0.626983727 -0.072717656 -0.004414817 0.997342796 57.046300232
0.995965168 0.010573244 0.089115608 -0.574134860 -0.011062836 0.999926295 0.005001755 -0.640183942 -0.089056155 -0.005967445 0.996008730 58.176201834
0.994160750 0.011100206 0.107336799 -0.475792809 -0.011719214 0.999918128 0.005137899 -0.637036915 -0.107270979 -0.006365800 0.994209442 59.328683278
0.991916548 0.010355927 0.126468640 -0.349918086 -0.011053623 0.999927308 0.004816191 -0.664024185 -0.126409570 -0.006175196 0.991958914 60.421184978
0.989069484 0.009874402 0.147119176 -0.209990622 -0.010602167 0.999935128 0.004163415 -0.678453738 -0.147068521 -0.005677689 0.989110011 61.505086879
0.985831147 0.007026816 0.167593476 -0.021334268 -0.007752212 0.999963200 0.003674452 -0.683807471 -0.167561488 -0.004921609 0.985849342 62.590720813
0.981850813 0.001851058 0.189645866 0.181165400 -0.003061572 0.999976768 0.006090253 -0.706375837 -0.189630187 -0.006560335 0.981833669 63.675208195
0.977052092 -0.003200337 0.212976448 0.402838093 0.001467938 0.999964544 0.008291866 -0.733697276 -0.212995434 -0.007788949 0.977022148 64.735014476
0.971725278 -0.007453707 0.235996665 0.694688702 0.005859438 0.999955036 0.007456071 -0.731042609 -0.236041629 -0.005862445 0.971725260 65.780106094
0.965255383 -0.013304813 0.260969398 0.968048386 0.012203117 0.999908476 0.005841567 -0.746596528 -0.261023234 -0.002453963 0.965329399 66.784738069
0.957770947 -0.017055018 0.287026025 1.265975954 0.015799977 0.999852802 0.006688411 -0.757464041 -0.287097846 -0.001870961 0.957899434 67.765549877
0.949218297 -0.019678762 0.314002184 1.589525610 0.017666008 0.999801113 0.009254554 -0.769477343 -0.314121851 -0.003237427 0.949377155 68.727574374
0.939517990 -0.023705649 0.341678195 1.941792970 0.020870928 0.999710510 0.011970840 -0.771528754 -0.341863059 -0.004115679 0.939740768 69.690283656
0.928641552 -0.025991534 0.370066627 2.321419579 0.023457565 0.999660440 0.011346711 -0.764591905 -0.370235885 -0.001856166 0.928935920 70.601941920
0.916601292 -0.025245392 0.399004689 2.713023536 0.024226742 0.999677628 0.007596379 -0.771940535 -0.399067835 0.002703732 0.916917419 71.505908777
0.903483146 -0.026055346 0.427830952 3.135788505 0.027846166 0.999610072 0.002072417 -0.775167988 -0.427718126 0.010041058 0.903856395 72.394183820
0.889261739 -0.028167426 0.456530564 3.581682919 0.031669273 0.999498403 -0.000019661 -0.791847877 -0.456301016 0.014475475 0.889707729 73.252788112
0.873700318 -0.028613900 0.485622280 4.062391513 0.030869098 0.999517802 0.003356027 -0.803639871 -0.485484143 0.012058560 0.874162307 74.097707327
0.855680602 -0.027531577 0.516771439 4.567008191 0.026640654 0.999603263 0.009142848 -0.818073088 -0.516818134 0.005943772 0.856074581 74.990258576
0.835775980 -0.027800652 0.548366333 5.114051800 0.024802653 0.999609452 0.012875213 -0.827580833 -0.548510109 0.002840146 0.836139100 75.854768083
0.814109590 -0.022025924 0.580293403 5.639923435 0.020632874 0.999746606 0.009000484 -0.868978086 -0.580344604 0.004645740 0.814357758 76.657481322
0.792600027 -0.015420309 0.609546890 6.222657291 0.017841622 0.999838632 0.002094261 -0.877614692 -0.609480823 0.009215394 0.792747250 77.371642729
0.769856868 -0.012921382 0.638085762 6.813432699 0.016793093 0.999858986 -0.000013662 -0.881434395 -0.637995607 0.010725951 0.769965298 78.103020479
0.746152698 -0.015355048 0.665597756 7.439517402 0.017866670 0.999835767 0.003036762 -0.887094356 -0.665535073 0.009626128 0.746304499 78.828946640
0.721947447 -0.015579897 0.691772471 8.094102972 0.018117649 0.999829345 0.003609926 -0.898751154 -0.691710658 0.009927114 0.722106514 79.501330311
0.696346987 -0.013745561 0.717573643 8.750412880 0.018515595 0.999827870 0.001184431 -0.920018084 -0.717466408 0.012461528 0.696481632 80.152827131
0.671242211 -0.011612421 0.741147115 9.491451425 0.018129683 0.999835359 -0.000754100 -0.949242712 -0.741016335 0.013942946 0.671342227 80.749548853
0.644323752 -0.009244734 0.764696958 10.222290257 0.016088379 0.999869496 -0.001468028 -0.965530828 -0.764583590 0.013248620 0.644388398 81.366271757
0.616789383 -0.007939260 0.787088194 10.986089489 0.015850144 0.999871652 -0.002335138 -0.986269775 -0.786968634 0.013915750 0.616836057 81.946092809
0.587595943 -0.001268586 0.809153507 11.737645447 0.014616736 0.999852241 -0.009046906 -0.989603201 -0.809022471 0.017143108 0.587527664 82.524161509
0.558097968 0.007782068 0.829738572 12.515991049 0.014108463 0.999722475 -0.018865958 -1.000470460 -0.829655115 0.022235389 0.557833289 83.033343349
0.527089372 0.016339492 0.849652762 13.318488467 0.013878596 0.999516288 -0.027831192 -1.002703223 -0.849696522 0.026461513 0.526607643 83.542467052
0.495439109 0.021410718 0.868378760 14.134616054 0.011312692 0.999452358 -0.031096734 -1.028253930 -0.868569002 0.025230239 0.494925573 84.001504658
0.463233427 0.021097391 0.885985154 14.972020826 0.009193904 0.999548408 -0.028608592 -1.060675491 -0.886188617 0.021398118 0.462830267 84.436710885
0.430758415 0.019848499 0.902248982 15.813949070 0.004360838 0.999700660 -0.024074314 -1.091939390 -0.902456742 0.014304775 0.430542915 84.826959383
0.396971758 0.021417046 0.917580914 16.680299642 -0.000048102 0.999728200 -0.023313616 -1.119765357 -0.917830824 0.009210709 0.396864891 85.193603996
0.361298172 0.023586795 0.932151969 17.545332837 -0.007091490 0.999720613 -0.022547893 -1.170430013 -0.932423370 0.001536167 0.361364496 85.563512308
0.325404724 0.025857579 0.945221218 18.434538564 -0.012143746 0.999657872 -0.023166112 -1.190922565 -0.945496851 -0.003940164 0.325607401 85.873172135
0.288755070 0.025331132 0.957067836 19.345327015 -0.015065644 0.999646369 -0.021912650 -1.221023861 -0.957284459 -0.008091455 0.289034586 86.166996223
0.253030411 0.024856677 0.967138954 20.267851535 -0.015883197 0.999641886 -0.021536558 -1.249237084 -0.967327936 -0.009911855 0.253334601 86.397881540
0.217487208 0.024171894 0.975763821 21.209709877 -0.015045820 0.999657554 -0.021410246 -1.278878283 -0.975947200 -0.010024712 0.217776416 86.606320608
0.182130213 0.022776802 0.983010581 22.182770476 -0.012366853 0.999705660 -0.020872329 -1.310301685 -0.983196647 -0.008355265 0.182358282 86.799551815
0.147752794 0.021540916 0.988789715 23.169532400 -0.004111258 0.999767528 -0.021165732 -1.349982225 -0.989015778 -0.000937874 0.147807006 86.937871868
0.114253522 0.025033881 0.993136163 24.134801658 -0.002071779 0.999686288 -0.024960646 -1.381256373 -0.993449466 0.000794283 0.114269544 87.035638554
0.082287309 0.029970992 0.996157888 25.114690903 -0.001178368 0.999549933 -0.029975708 -1.414589836 -0.996607952 0.001292780 0.082285591 87.099399042
0.053287919 0.033787215 0.998007426 26.089072141 0.005735040 0.999400585 -0.034140599 -1.450233015 -0.998562721 0.007542894 0.053062207 87.142157020
0.025911977 0.031491936 0.999168068 27.085538449 0.007698152 0.999467750 -0.031701022 -1.501038331 -0.999634587 0.008513184 0.025655756 87.209964670
0.005383597 0.027503934 0.999607198 28.116855776 0.009749932 0.999572725 -0.027555496 -1.554741503 -0.999937976 0.009894450 0.005113136 87.165376932
-0.014155329 0.024969930 0.999587980 29.118104885 0.010160691 0.999640117 -0.024827345 -1.588606993 -0.999848182 0.009805066 -0.014403947 87.168429834
-0.031325415 0.027953855 0.999118261 30.104790278 0.011732439 0.999550246 -0.027598093 -1.625199574 -0.999440378 0.010857572 -0.031639293 87.146165109
-0.045944967 0.032336969 0.998420443 31.090590522 0.014373787 0.999393845 -0.031707047 -1.665175327 -0.998840555 0.012894303 -0.046381922 87.100558439
-0.058210991 0.037490378 0.997600096 32.058794210 0.018814750 0.999158308 -0.036451077 -1.701342057 -0.998126989 0.016647743 -0.058867368 87.051712424
-0.067238145 0.041012538 0.996893677 33.049486824 0.023971297 0.998932799 -0.039479620 -1.746037209 -0.997448950 0.021242298 -0.068149512 86.977273428
-0.072832932 0.046483316 0.996260340 34.057018750 0.027370249 0.998630231 -0.044592952 -1.795213909 -0.996968522 0.024020058 -0.074005428 86.894336554
-0.076906349 0.050805822 0.995743030 35.057236589 0.029525312 0.998378920 -0.048659921 -1.852157763 -0.996601058 0.025657367 -0.078281736 86.831310149
-0.079578371 0.054914057 0.995314889 36.050067441 0.031920455 0.998109784 -0.052516123 -1.908417168 -0.996317403 0.027591756 -0.081180832 86.749455771
-0.082531122 0.057893001 0.994905530 37.051881916 0.031586411 0.997961686 -0.055450626 -1.973526403 -0.996087804 0.026849092 -0.084191530 86.679666407
-0.084506278 0.061176659 0.994543164 38.058431466 0.032695877 0.997746233 -0.058595521 -2.040906057 -0.995886373 0.027565772 -0.086316045 86.587084087
-0.086526663 0.064733003 0.994144243 39.059329351 0.034007784 0.997497136 -0.061991412 -2.107970241 -0.995668925 0.028444733 -0.088511524 86.498434459
-0.089067913 0.066133106 0.993827610 40.075377101 0.036280789 0.997346533 -0.063115744 -2.179320972 -0.995364562 0.030435263 -0.091230936 86.417866261
-0.090456601 0.064696826 0.993796722 41.089152002 0.036764048 0.997424426 -0.061586683 -2.257008434 -0.995221587 0.030965069 -0.092602140 86.314777017
-0.092777240 0.064789018 0.993576754 42.111570859 0.036143580 0.997442196 -0.061666095 -2.320586238 -0.995030666 0.030190211 -0.094881641 86.223735781
-0.095038785 0.066474185 0.993251636 43.132686704 0.036228595 0.997337949 -0.063281150 -2.384405407 -0.994814112 0.029969947 -0.097194053 86.127751569
-0.098057047 0.069288766 0.992765774 44.179648909 0.035312145 0.997187336 -0.066109527 -2.443844175 -0.994554105 0.028574184 -0.100227980 86.050654382
-0.101062484 0.072064872 0.992266612 45.207907498 0.033941504 0.997042233 -0.068954762 -2.507810023 -0.994300935 0.026710282 -0.103209554 85.961870618
-0.103155032 0.075803036 0.991772625 46.249549283 0.031144795 0.996849066 -0.072951644 -2.582229732 -0.994177570 0.023363225 -0.105190867 85.846747001
-0.105576841 0.079970567 0.991190314 47.280006876 0.027769588 0.996609433 -0.077449906 -2.665705848 -0.994023330 0.019348030 -0.107439625 85.752909578
-0.107758638 0.082236262 0.990770040 48.337352492 0.025911768 0.996466772 -0.079890876 -2.755993268 -0.993839351 0.017063672 -0.109508789 85.634728260
-0.110832178 0.080924387 0.990538981 49.386156837 0.024119200 0.996604852 -0.078721236 -2.843094135 -0.993546422 0.015166162 -0.112407718 85.530422459
-0.113870111 0.076458699 0.990549174 50.430399579 0.021354952 0.996992250 -0.074501137 -2.933839933 -0.993266109 0.012669677 -0.115160390 85.425565556
-0.115912818 0.074927382 0.990429253 51.483214501 0.021750401 0.997103025 -0.072886749 -3.014761610 -0.993021218 0.013093725 -0.117206722 85.301143801
-0.117471244 0.075657503 0.990190108 52.536475498 0.021064347 0.997059202 -0.073683380 -3.093389740 -0.992852859 0.012202029 -0.118719461 85.167573866
-0.118642359 0.078612358 0.989820230 53.605760480 0.022187313 0.996821997 -0.076509017 -3.179079438 -0.992689132 0.012884241 -0.120009511 85.041643619
-0.119511875 0.081564384 0.989476712 54.672531908 0.022404340 0.996587488 -0.079444477 -3.262770457 -0.992579950 0.012674015 -0.120931436 84.922653401
-0.119819030 0.082364941 0.989373244 55.759116185 0.020925752 0.996540790 -0.080427403 -3.353165113 -0.992575193 0.011066645 -0.121128099 84.798878279
-0.119609832 0.081221863 0.989493051 56.873272949 0.018258461 0.996659414 -0.079603028 -3.452831210 -0.992653070 0.008545316 -0.120693252 84.671299028
-0.120535825 0.080580815 0.989433094 57.977001841 0.014735939 0.996735477 -0.079380354 -3.548952708 -0.992599601 0.005012049 -0.121329767 84.566070474
-0.120718590 0.081836651 0.989307730 59.055948943 0.010931450 0.996645231 -0.081109725 -3.643015240 -0.992626579 0.001023116 -0.121208200 84.444522467
-0.120876062 0.081868615 0.989285857 60.128659603 0.007031913 0.996638885 -0.081617922 -3.740041504 -0.992642700 -0.002909081 -0.121045477 84.324390137
-0.121694878 0.081442923 0.989220606 61.208982530 0.003420551 0.996656479 -0.081634322 -3.833598601 -0.992561664 -0.006550799 -0.121566569 84.216971817
-0.122510597 0.076060123 0.989548388 62.288333703 0.003711056 0.997087165 -0.076180134 -3.930590757 -0.992460267 -0.005660604 -0.122436007 84.103314489
-0.122758123 0.067411439 0.990144505 63.389989860 0.006879701 0.997724248 -0.067074541 -4.017913070 -0.992412773 -0.001422046 -0.122942527 83.973398868
-0.122183683 0.062718672 0.990523859 64.522599596 0.011874569 0.998022325 -0.061728706 -4.088308490 -0.992436468 0.004219803 -0.122686800 83.810056373
-0.121706444 0.065061041 0.990431523 65.618504664 0.019982790 0.997807764 -0.063090053 -4.164463148 -0.992364968 0.012113119 -0.122739736 83.673047138
-0.120049507 0.071215990 0.990210280 66.730256835 0.025586391 0.997314372 -0.068624916 -4.232163771 -0.992438135 0.017097520 -0.121549259 83.520908063
-0.119841084 0.077461767 0.989766533 67.850198005 0.028936530 0.996800453 -0.074508621 -4.301786749 -0.992371297 0.019711215 -0.121699122 83.396028995
-0.118330386 0.081716725 0.989606132 68.963715002 0.029455885 0.996458303 -0.078760408 -4.396081849 -0.992537289 0.019829975 -0.120318334 83.240214316
-0.118576673 0.078667584 0.989823714 70.082559141 0.026487709 0.996752496 -0.076045144 -4.488330139 -0.992591544 0.017200982 -0.120275319 83.121946347
-0.118354587 0.074248773 0.990191553 71.200796948 0.025981524 0.997090627 -0.071660603 -4.576791973 -0.992631428 0.017245324 -0.119939346 82.991863637
-0.118061458 0.072096750 0.990385557 72.325160695 0.023781340 0.997280036 -0.069763729 -4.666686519 -0.992721482 0.015316288 -0.119454893 82.868154129
-0.118075914 0.072903177 0.990324798 73.423414016 0.021938108 0.997249450 -0.070797269 -4.747883933 -0.992762206 0.013366400 -0.119350498 82.753658536
-0.117483335 0.078379547 0.989976925 74.557154208 0.023383606 0.996822408 -0.076146527 -4.835619060 -0.992799513 0.014203282 -0.118942817 82.619448940
-0.117071502 0.080870120 0.989825382 75.687872481 0.022183354 0.996643326 -0.078803422 -4.923701111 -0.992875703 0.012732012 -0.118472502 82.488537305
-0.117000067 0.079660182 0.989931937 76.834226979 0.021727830 0.996744637 -0.077640390 -5.015891747 -0.992894197 0.012425142 -0.118350033 82.365764480
-0.116050982 0.072984974 0.990558107 77.996273691 0.023504086 0.997219105 -0.070722088 -5.109629703 -0.992965119 0.015074795 -0.117443702 82.219888563
-0.116477377 0.071535523 0.990613794 79.132663107 0.022211209 0.997340943 -0.069409696 -5.191945578 -0.992944955 0.013918071 -0.117756547 82.093606054
-0.117038656 0.074150253 0.990355337 80.277523764 0.020341257 0.997178583 -0.072257228 -5.288124834 -0.992919023 0.011688184 -0.118216750 81.989038601
-0.117031651 0.077531725 0.990097179 81.464961203 0.019680282 0.996933307 -0.075740790 -5.378039998 -0.992933170 0.010621322 -0.118198597 81.864284964
-0.117325881 0.077189588 0.990089090 82.640121271 0.018697687 0.996969702 -0.075510334 -5.468121929 -0.992917436 0.009653059 -0.118413615 81.735764735
-0.117116207 0.073548001 0.990391077 83.812385722 0.018259333 0.997244859 -0.071897762 -5.567767837 -0.992950347 0.009663488 -0.118136473 81.606418770
-0.115676796 0.072972495 0.990602793 84.996275315 0.019000728 0.997277826 -0.071245416 -5.650713165 -0.993105156 0.010580733 -0.116748434 81.452698060
-0.115098014 0.073457604 0.990634356 86.206204227 0.020495319 0.997225342 -0.071565067 -5.744709122 -0.993142683 0.012066370 -0.116284193 81.323190961
-0.113730515 0.073952939 0.990755435 87.404011896 0.023097671 0.997153080 -0.071779057 -5.832860757 -0.993243106 0.014720674 -0.115114874 81.176912761
-0.112418497 0.073205609 0.990960655 88.619319336 0.023003786 0.997206935 -0.071057402 -5.931252773 -0.993394638 0.014807681 -0.113788511 81.040754576
-0.111792420 0.074293673 0.990950506 89.812527695 0.024012416 0.997112168 -0.072046706 -6.017309019 -0.993441422 0.015740840 -0.113253553 80.925504509
-0.111428706 0.072781644 0.991103666 91.026855263 0.024101364 0.997219087 -0.070521040 -6.104434557 -0.993480130 0.016028882 -0.112872969 80.813995869
-0.110222191 0.072118868 0.991287011 92.242690056 0.022560632 0.997288545 -0.070046957 -6.194607055 -0.993650888 0.014643333 -0.111550376 80.684708085
-0.108929101 0.071466095 0.991477205 93.451136233 0.023694930 0.997315558 -0.069283672 -6.282557592 -0.993767076 0.015945975 -0.110330071 80.559257487
-0.107214556 0.072373244 0.991598282 94.656527110 0.021742726 0.997279241 -0.070436989 -6.378293879 -0.993998135 0.014008179 -0.108496443 80.431446932
-0.105984023 0.074860822 0.991545886 95.883404152 0.021734227 0.997098247 -0.072956899 -6.472962876 -0.994130278 0.013818217 -0.107303525 80.306832406
-0.105165950 0.073774776 0.991714377 97.104663868 0.020066930 0.997198790 -0.072054778 -6.564636742 -0.994252202 0.012322953 -0.106351792 80.190305282
-0.105071133 0.072505093 0.991818062 98.327512580 0.016290216 0.997330291 -0.071182303 -6.657661048 -0.994331276 0.008677725 -0.105971748 80.084496005
-0.105668464 0.073617735 0.991672630 99.566218643 0.013610838 0.997269505 -0.072582910 -6.749696962 -0.994308263 0.005827771 -0.106381935 79.980277837
-0.105889378 0.072624851 0.991722275 100.785801834 0.010609770 0.997355089 -0.071904508 -6.846978947 -0.994321312 0.002908021 -0.106379843 79.855650108
-0.106669162 0.070484014 0.991793171 102.011894420 0.008351367 0.997512575 -0.069992271 -6.927938101 -0.994259496 0.000816812 -0.106992469 79.725052996
-0.107800665 0.068903049 0.991781925 103.261063363 0.005908624 0.997622169 -0.068666563 -7.024559312 -0.994154970 -0.001542235 -0.107951455 79.599174571
-0.109225958 0.068230015 0.991672504 104.526734246 0.004471224 0.997665077 -0.068149847 -7.120593065 -0.994006890 -0.003009743 -0.109275996 79.466167831
-0.111044625 0.068356194 0.991461811 105.782368948 0.004897032 0.997657267 -0.068234867 -7.219400044 -0.993803356 -0.002721895 -0.111119219 79.330314485
-0.113424077 0.067067029 0.991280481 107.041843267 0.004579954 0.997743788 -0.066980271 -7.312217237 -0.993536110 -0.003057157 -0.113475332 79.196303275
-0.116579424 0.062060060 0.991240529 108.301049365 0.002030709 0.998058641 -0.062248100 -7.405352414 -0.993179296 -0.005243927 -0.116479127 79.065002837
-0.120432413 0.062446207 0.990755522 109.553429132 0.001602673 0.998030509 -0.062709926 -7.493194731 -0.992720235 -0.005964451 -0.120295303 78.909180744
-0.125993237 0.068432323 0.989667985 110.793987656 -0.003323942 0.997583181 -0.069402799 -7.580584213 -0.992025532 -0.012033882 -0.125461269 78.766352377
-0.132614433 0.071476171 0.988587158 112.037122096 -0.002112838 0.997373810 -0.072394885 -7.677466098 -0.991165449 -0.011689332 -0.132115145 78.596027669
-0.142506888 0.067595364 0.987482989 113.259379810 -0.000223506 0.997663128 -0.068324472 -7.772709126 -0.989793785 -0.009957417 -0.142158759 78.441237403
-0.153331443 0.065418849 0.986007020 114.473977751 0.001117943 0.997817107 -0.066028567 -7.867883924 -0.988174184 -0.009021956 -0.153069871 78.247821797
-0.165902640 0.066578616 0.983892068 115.716180242 0.001642157 0.997735581 -0.067238489 -7.961181264 -0.986140769 -0.009539338 -0.165636300 78.039267526
-0.180258291 0.066797804 0.981348563 116.923095252 0.003732777 0.997730707 -0.067227241 -8.053765635 -0.983612228 -0.008455112 -0.180098573 77.823332674
-0.194752967 0.064455078 0.978732254 118.131334735 0.003934054 0.997881847 -0.064933370 -8.144660374 -0.980844435 -0.008795581 -0.194594020 77.584930389
-0.209940796 0.067050120 0.975412294 119.315713077 0.007369369 0.997725906 -0.066997834 -8.232188130 -0.977686327 -0.006877405 -0.209957488 77.327009913
-0.224879848 0.070246877 0.971851033 120.522487196 0.006605729 0.997484872 -0.070571208 -8.319844373 -0.974364110 -0.009450258 -0.224778278 77.039804998
-0.239765182 0.074510435 0.967967382 121.687093614 0.006275698 0.997148557 -0.075202203 -8.408542152 -0.970810627 -0.011956199 -0.239549111 76.748323755
-0.255205712 0.072483315 0.964166072 122.859184454 0.003509677 0.997248991 -0.074041418 -8.511978565 -0.966880410 -0.015511881 -0.254758032 76.429063017
-0.272552794 0.066423049 0.959845276 124.003025296 -0.001999921 0.997572853 -0.069601754 -8.613749803 -0.962138750 -0.020889767 -0.271758427 76.171096183
-0.288792082 0.062268692 0.955364717 125.155509564 -0.005237708 0.997764971 -0.066615531 -8.714357276 -0.957377512 -0.024241959 -0.287820479 75.863001610
-0.303869774 0.063859898 0.950570920 126.319552177 -0.006967525 0.997575353 -0.069244997 -8.802040171 -0.952688099 -0.027664588 -0.302688051 75.511330910
-0.318667322 0.065781961 0.945581235 127.450103480 -0.006779119 0.997405228 -0.071671849 -8.897834298 -0.947842382 -0.029249684 -0.317394509 75.154113050
-0.332576838 0.068265176 0.940602207 128.545125071 -0.004612682 0.997247041 -0.074007179 -8.988870218 -0.943064881 -0.028951772 -0.331346382 74.778350425
-0.347116607 0.067926986 0.935358747 129.680216644 -0.003399993 0.997275752 -0.073685236 -9.089579762 -0.937815814 -0.028757582 -0.345940024 74.375102231
-0.362027298 0.066925018 0.929761947 130.871345581 -0.003561873 0.997312807 -0.073174293 -9.164016970 -0.932160688 -0.029802786 -0.360816082 73.942863974
-0.376499109 0.065667090 0.924086714 131.994421997 -0.003800702 0.997366765 -0.072423002 -9.262215173 -0.926409184 -0.030779374 -0.375258117 73.493621340
-0.391212653 0.066933330 0.917863056 133.105633448 -0.005237884 0.997173583 -0.074949389 -9.365542169 -0.920285404 -0.034128809 -0.389756333 73.034155986
-0.405667372 0.069468610 0.911377033 134.194859664 -0.003685869 0.996975124 -0.077633855 -9.463186064 -0.914013347 -0.034852739 -0.404184226 72.547588514
-0.421345760 0.070332929 0.904168695 135.275642080 -0.002670131 0.996887692 -0.078789589 -9.580454607 -0.906896147 -0.035611908 -0.419846604 72.084597529
-0.436119157 0.072507766 0.896963045 136.358725281 0.000033437 0.996749924 -0.080557977 -9.697750004 -0.899888926 -0.035102886 -0.434704161 71.573203089
-0.450872637 0.075889088 0.889356347 137.438977405 -0.000204082 0.996370336 -0.085124092 -9.806640548 -0.892588272 -0.038561626 -0.449220633 71.031667586
-0.465500088 0.078246674 0.881582172 138.498007077 0.000890949 0.996125134 -0.087942729 -9.913031706 -0.885047385 -0.040151903 -0.463766052 70.474791898
-0.481687466 0.075503511 0.873084421 139.580282624 -0.000415968 0.996261720 -0.086385259 -10.025419883 -0.876342977 -0.041973872 -0.479855376 69.919401580
-0.497594077 0.071216403 0.864481555 140.658389785 -0.002668452 0.996493507 -0.083627567 -10.134909957 -0.867405911 -0.043919409 -0.495659230 69.323287032
-0.513601743 0.074046262 0.854827702 141.780595573 -0.000256613 0.996256058 -0.086451145 -10.202493300 -0.858028661 -0.044620819 -0.511659847 68.683198862
-0.529251206 0.072931935 0.845324845 142.822037643 -0.001446222 0.996219815 -0.086856141 -10.317333419 -0.848463947 -0.047191245 -0.527145062 68.037368503
-0.544754305 0.071852520 0.835511796 143.865899921 -0.001818364 0.996218988 -0.086858625 -10.429846627 -0.838593728 -0.048835875 -0.542563929 67.374205480
-0.560774286 0.070604929 0.824952814 144.891472055 -0.003377958 0.996154075 -0.087553686 -10.556747791 -0.827961829 -0.051884512 -0.558379089 66.707733601
-0.575943811 0.070375223 0.814454452 145.923423041 -0.002969215 0.996100964 -0.088170588 -10.671846854 -0.817483890 -0.053199595 -0.573489226 65.995014917
-0.591626023 0.067152048 0.803411010 146.933464345 -0.003979226 0.996269719 -0.086202161 -10.792697338 -0.806202713 -0.054196396 -0.589151878 65.279587988
-0.606006361 0.063541911 0.792917850 147.937031965 -0.003570886 0.996577076 -0.082591647 -10.913203751 -0.795451783 -0.052882483 -0.603705146 64.522070469
-0.621028706 0.061354770 0.781382709 148.927223884 -0.002740733 0.996755339 -0.080444278 -11.031575034 -0.783783028 -0.052099768 -0.618845522 63.759945509
-0.635453338 0.060147664 0.769793033 149.837915255 -0.002828125 0.996773386 -0.080217318 -11.126373100 -0.772134092 -0.053151433 -0.633232871 63.009207953
-0.650462171 0.060899713 0.757093250 150.863897257 -0.004714544 0.996437483 -0.084202823 -11.250309817 -0.759524020 -0.058340100 -0.647857774 62.165560480
-0.666767671 0.061142648 0.742753290 151.850192023 -0.006068057 0.996150489 -0.087449310 -11.351087584 -0.745240935 -0.062815441 -0.663829925 61.367045216
-0.682816841 0.058112522 0.728274740 152.828784047 -0.007603950 0.996212243 -0.086621858 -11.463955851 -0.730550027 -0.064684628 -0.679788612 60.508850847
-0.699822696 0.050078646 0.712558997 153.802271216 -0.011058144 0.996660409 -0.080905784 -11.602201789 -0.714230993 -0.064499283 -0.696931798 59.643313598
-0.716372572 0.047816183 0.696077547 154.708326454 -0.011839267 0.996672199 -0.080649615 -11.710449427 -0.697617496 -0.066016220 -0.713422517 58.731676478
-0.733273342 0.045083206 0.678437698 155.599029541 -0.013333102 0.996654117 -0.080639933 -11.820798673 -0.679803232 -0.068176792 -0.730218796 57.795796151
-0.750288610 0.042557423 0.659739242 156.450824299 -0.014740779 0.996600936 -0.081051122 -11.936883228 -0.660946073 -0.070536804 -0.747111001 56.849168928
-0.767111844 0.040446014 0.640237096 157.301916009 -0.014743596 0.996635357 -0.080626248 -12.036690195 -0.641343937 -0.071288747 -0.763934466 55.875109047
-0.782080492 0.041358626 0.621803480 158.103427390 -0.013390591 0.996449576 -0.083120001 -12.184120790 -0.623033543 -0.073332848 -0.778749958 54.845849907
-0.796553038 0.040708542 0.603196546 158.899395082 -0.010707766 0.996623964 -0.081400352 -12.291425599 -0.604473822 -0.071298585 -0.793427949 53.802672232
-0.810739515 0.042079649 0.583892749 159.653345983 -0.006697873 0.996681162 -0.081128296 -12.406547147 -0.585368754 -0.069684755 -0.807766957 52.752519137
-0.824728054 0.043182189 0.563878476 160.381026527 -0.005147111 0.996466088 -0.083838196 -12.518009974 -0.565506096 -0.072046057 -0.821591274 51.698020854
-0.837313098 0.043931835 0.544955751 161.014842859 -0.005358375 0.996059032 -0.088530745 -12.626115001 -0.546697416 -0.077048030 -0.833777870 50.621378370
-0.851117402 0.044359332 0.523097904 161.778149991 -0.002361730 0.996090033 -0.088312336 -12.749238844 -0.524970085 -0.076399582 -0.847684796 49.545591219
-0.862645754 0.042731195 0.504000345 162.434643031 -0.000590252 0.996339371 -0.085483970 -12.876163205 -0.505808219 -0.074039871 -0.859462706 48.431509868
-0.872761209 0.044273019 0.486135549 163.066441215 0.002085070 0.996207646 -0.086982638 -13.000263953 -0.488142935 -0.074901446 -0.869543701 47.306238077
-0.881941917 0.047521346 0.468956476 163.665725431 0.005537419 0.995880799 -0.090502884 -13.121538809 -0.471325568 -0.077221479 -0.878572167 46.170077869
-0.890885489 0.044828373 0.452010467 164.258858189 0.003437269 0.995754935 -0.091979863 -13.245957900 -0.454214960 -0.080389844 -0.887257709 45.031042533
-0.899200664 0.041959245 0.435519906 164.863077964 0.002425253 0.995853776 -0.090936106 -13.373175933 -0.437529753 -0.080713561 -0.895574138 43.879031431
-0.906770867 0.039400107 0.419778784 165.449947969 0.001495106 0.995918336 -0.090246508 -13.525274527 -0.421621110 -0.081205291 -0.903128640 42.730699638
-0.913405968 0.037351229 0.405332484 166.001879047 0.001174300 0.996018729 -0.089136481 -13.663389037 -0.407048103 -0.080941812 -0.909813313 41.554198239
-0.919396097 0.035108879 0.391762917 166.523624982 0.000398966 0.996091092 -0.088331061 -13.789446401 -0.393332756 -0.081054933 -0.915816270 40.358796468
-0.924701604 0.030709135 0.379452096 167.022938073 -0.001598817 0.996419090 -0.084536620 -13.910665158 -0.380689359 -0.078777823 -0.921341233 39.153850469
-0.929599483 0.027929523 0.367511556 167.520798636 -0.002291874 0.996667417 -0.081540213 -14.023420141 -0.368564172 -0.076642030 -0.926437505 37.941289135
-0.933901746 0.028277904 0.356409722 168.007333335 0.000435138 0.996956445 -0.077959329 -14.138097943 -0.357529496 -0.072651266 -0.931071669 36.736578891
-0.936951930 0.032306328 0.347961755 168.460618916 0.004847564 0.996823352 -0.079496575 -14.256143324 -0.349424645 -0.072797702 -0.934132170 35.525917343
-0.939059570 0.037680662 0.341683029 168.900771382 0.010406979 0.996634803 -0.081306603 -14.358906100 -0.343596885 -0.072795856 -0.936291591 34.314911783
-0.940855363 0.040997226 0.336318916 169.344087509 0.013474476 0.996394402 -0.083765355 -14.471883762 -0.338540433 -0.074279362 -0.938015433 33.084664424
-0.942632072 0.038090568 0.331653260 169.787811161 0.011068084 0.996488966 -0.082989385 -14.584669202 -0.333649927 -0.074557690 -0.939744049 31.843128779
-0.944163592 0.030887799 0.328025998 170.214379771 0.005058200 0.996837505 -0.079305752 -14.698826169 -0.329438198 -0.073218383 -0.941333916 30.575385130
-0.946064276 0.024617957 0.323042321 170.652491785 -0.000470071 0.997003510 -0.077354902 -14.814831342 -0.323978647 -0.073334563 -0.943217832 29.348815242
-0.947820832 0.017735719 0.318309777 171.085009837 -0.007753952 0.996873483 -0.078632913 -14.925250901 -0.318709188 -0.076998072 -0.944719932 28.132939792
-0.949484924 0.015122674 0.313448057 171.538937508 -0.011036155 0.996611176 -0.081512994 -15.032397568 -0.313618531 -0.080854620 -0.946100390 26.908229693
-0.950305477 0.014907106 0.310961861 171.952993914 -0.012002795 0.996355867 -0.084444775 -15.140944632 -0.311087502 -0.083980743 -0.946663510 25.694288933
-0.950845812 0.015736064 0.309264642 172.370299504 -0.011399535 0.996252346 -0.085739806 -15.262999956 -0.309454832 -0.085050809 -0.947102986 24.488719359
-0.950479685 0.018616459 0.310228618 172.763188275 -0.009080502 0.996114646 -0.087596561 -15.379605993 -0.310654007 -0.086075783 -0.946617688 23.241091889
-0.950000023 0.019404320 0.311646320 173.165125759 -0.008883912 0.995983521 -0.089094906 -15.502609987 -0.312123425 -0.087408801 -0.946011981 22.014294620
-0.949683441 0.020613687 0.312532299 173.584521407 -0.008269401 0.995833884 -0.090810201 -15.628736614 -0.313102187 -0.088825399 -0.945556486 20.793661459
-0.948986355 0.021971418 0.314550718 173.989873695 -0.006744321 0.995926790 -0.089912979 -15.761850609 -0.315245003 -0.087447621 -0.944972752 19.579681039
-0.948258680 0.021612581 0.316762329 174.414059010 -0.007127261 0.995980034 -0.089291508 -15.896867569 -0.317418775 -0.086929095 -0.944292674 18.385895124
-0.946896401 0.020497006 0.320884836 174.826330077 -0.008849987 0.995926656 -0.089731680 -16.013298368 -0.321416993 -0.087806431 -0.942857968 17.176154047
-0.945189647 0.019805787 0.325920638 175.252311907 -0.009470334 0.996075913 -0.087994823 -16.126656029 -0.326384504 -0.086258373 -0.941293073 15.965865817
-0.943247150 0.017639878 0.331622751 175.680524426 -0.011358400 0.996290362 -0.085302406 -16.246032374 -0.331897275 -0.084227955 -0.939547684 14.783987620
-0.940592695 0.015610093 0.339177986 176.109712554 -0.013158657 0.996516270 -0.082353953 -16.361753203 -0.339281935 -0.081924653 -0.937110516 13.589624240
-0.937944354 0.017704162 0.346333585 176.554367355 -0.011619874 0.996530723 -0.082410537 -16.475673569 -0.346591067 -0.081320851 -0.934484645 12.399688185
-0.934657450 0.018702767 0.355057260 177.010408909 -0.011232653 0.996563815 -0.082063335 -16.593172356 -0.355372029 -0.080689342 -0.931235712 11.219504838
-0.930822392 0.021943603 0.364812490 177.465220519 -0.009723825 0.996355515 -0.084741572 -16.705861549 -0.365342472 -0.082426725 -0.927216649 10.038221639
-0.926620371 0.023317924 0.375274516 177.951021023 -0.008671268 0.996484437 -0.083328126 -16.828456185 -0.375898254 -0.080467645 -0.923160582 8.845648326
-0.921571531 0.025377858 0.387378210 178.434602908 -0.008120208 0.996382517 -0.084592796 -16.946604106 -0.388123660 -0.081103904 -0.918031688 7.687708880
-0.915490002 0.028295583 0.401344511 178.940453254 -0.006741808 0.996305061 -0.085619934 -17.059114683 -0.402284234 -0.081089981 -0.911916559 6.506945442
-0.909178184 0.030818629 0.415265266 179.456776758 -0.005342654 0.996312013 -0.085637778 -17.179067159 -0.416373012 -0.080078618 -0.905660494 5.355496257
-0.903268307 0.029906402 0.428032677 180.018542293 -0.005897506 0.996608471 -0.082077855 -17.314510510 -0.429035645 -0.076662650 -0.900028473 4.224253262
-0.896863008 0.032189227 0.441135579 180.579107871 -0.005069988 0.996534665 -0.083023831 -17.425259184 -0.442279369 -0.076697555 -0.893591878 3.088091309
-0.889863473 0.034797797 0.454897914 181.157447643 -0.002782884 0.996654414 -0.081683746 -17.546120476 -0.456218428 -0.073953310 -0.886789521 1.954992776
-0.882256781 0.036636053 0.469340784 181.738946643 -0.001042683 0.996812770 -0.079769757 -17.655221680 -0.470767336 -0.070866782 -0.879406626 0.835385973
-0.874605110 0.038383104 0.483314223 182.336177601 0.001337458 0.997048563 -0.076761804 -17.770059337 -0.484834108 -0.066489854 -0.872075104 -0.246360671
-0.866709821 0.041123678 0.497114604 182.954021971 0.004137025 0.997154118 -0.075276493 -17.876407065 -0.498795521 -0.063186300 -0.864413396 -1.299861709
-0.856996507 0.044821094 0.513369318 183.577508326 0.007618289 0.997203414 -0.074345895 -17.975062380 -0.515265902 -0.059803176 -0.854941303 -2.396764525
-0.846704697 0.047840295 0.529907976 184.219314737 0.009703337 0.997172252 -0.074520776 -18.063357479 -0.531974625 -0.057955215 -0.844774639 -3.441594647
-0.835623565 0.050940667 0.546935376 184.899332889 0.012719839 0.997218111 -0.073445529 -18.170766979 -0.549155226 -0.054415885 -0.833946910 -4.484712242
-0.824959512 0.053180142 0.562684348 185.613674864 0.014310508 0.997209689 -0.073266945 -18.267504804 -0.565010631 -0.052389964 -0.823418654 -5.482003560
-0.813659647 0.054754145 0.578757257 186.322356351 0.014689466 0.997173195 -0.073687440 -18.371575861 -0.581155915 -0.051454861 -0.812163899 -6.462234699
-0.800922818 0.055084262 0.596228450 187.019583933 0.014640717 0.997263281 -0.072467907 -18.499204971 -0.598588581 -0.049311988 -0.799537390 -7.437106969
-0.787766699 0.056350077 0.613390818 187.798000225 0.016036036 0.997345421 -0.071027859 -18.593901776 -0.615764949 -0.046117024 -0.786579142 -8.399077298
-0.772042355 0.058392766 0.632882996 188.547634413 0.018576103 0.997418320 -0.069365864 -18.691882989 -0.635299560 -0.041796886 -0.771133899 -9.351449495
