%YAML:1.0
yuan: 54